ID_801 ID_801 -0.513102331753865 -0.373483312840906 -0.863513065535342 0.0745808335840246 -0.750589443689614 1.13088081081511 -1.91165015167227 -0.186635044170879 -0.565560694810633 -0.00559295305752214 1.43914344029064 0.363682416330297 0.141229095692179 -1.24984697508181 1 7
ID_802 ID_802 -0.159941978532029 -0.458215990472392 1.7090613013193 -0.0419517188910137 -0.81652825382947 -0.463951427438759 0.511723359209436 -0.158219141686213 -0.0928610592808483 0.0560035488575452 2.46397120686904 1.18487446117125 -1.3725107186196 0.722174524546919 1 19
ID_803 ID_803 -1.45416899684828 0.41385154038341 -0.487024256602809 0.540711043484178 1.49154968796889 -0.179953001959578 0.474068953411116 -0.106662780366056 -0.594249602133666 -0.441967243831906 -1.19695261654088 -0.417668941504586 0.114386027717562 0.918636895994252 0 20
ID_804 ID_804 0.648130478551235 -0.219455652276925 2.31605346265951 -0.857679586216282 -0.141141678039227 0.176914928821258 -0.548049685293294 1.60549905261343 2.34863884908643 -0.160569474836528 1.31163243425789 0.0068544635314841 1.07209558775967 0.235237881449207 0 10
ID_805 ID_805 -0.759249046778794 -0.246411952507658 -0.650657911209871 -0.0419517188910137 -0.29667194477253 -0.683734787160423 -0.632680546858481 0.791938696073782 0.87519017610498 -1.5303271794577 -0.449145132094269 1.24548306623937 0.515328831608532 -1.84532765326167 0 7
ID_806 ID_806 -0.476269118852655 -0.387692540343394 -0.769639982127257 -1.32380979611644 -1.24911445355764 0.0120938276547769 -0.407687050699988 0.0784257405896296 0.512563429235968 1.06143066578105 -0.494413112151268 0.753688464518793 0.526868096116728 0.488105665572914 1 19
ID_807 ID_807 2.02716158466622 1.57859540848937 1.81538850093348 -1.55687490106651 0.583369625000785 -0.480318972040362 -0.900420484110943 -0.047042209221005 -0.698261133091557 -1.46327386135359 0.744302832334355 -0.699105839688876 0.726676205349798 0.860672463795929 1 13
ID_808 ID_808 -1.67317314189006 0.714215952744519 0.0797913346669097 -1.78994000601659 -1.21617641804534 -0.550043398553211 1.20211506460564 -0.754075677062639 -1.57893864590801 -1.22447456275632 0.30334439710511 -1.46828677609348 0.897165365433055 0.116971783353729 1 20
ID_809 ID_809 1.14401953176526 0.225193733103301 -0.794391260554437 -0.391549376316129 -2.00160740200429 -1.54488071046841 0.544521715499613 0.738952138735089 -0.118703211871782 -0.00948008416735983 -2.24592463405599 -0.0666494499378286 -0.342995753286799 -0.172332575863144 0 7
ID_810 ID_810 -0.589377776803453 -0.340080631366367 1.82830617890927 0.540711043484178 0.492962559908937 1.41634596677353 -0.377925941540172 1.08599601703759 0.484994343099718 -0.892799676477933 -0.563387024061741 0.550669539153154 0.845513209530135 0.36954978850258 1 7
ID_811 ID_811 -0.0469429432386743 -0.461041002677426 -0.466674989941324 -0.391549376316129 -1.47152461715972 -0.262483955791114 -1.80035778701629 -1.16141128735914 0.189316952259038 -0.0336585054888478 0.189837056615648 0.0276720185566597 -0.418881908223749 -0.836063328333921 1 13
ID_812 ID_812 -0.844206606297954 -0.18958378195319 0.292511070554148 0.540711043484178 1.69156198742261 0.269443000844589 0.539068365176985 -1.26501345338534 -0.952657487787354 -0.327388813913592 -1.16137327086086 -0.0187905202941804 0.407806172200134 -0.446485942867129 0 20
ID_813 ID_813 -0.273817995084935 -0.443457325970402 -0.299548196644568 1.47297146328448 -0.158896847658237 -0.138826171208514 0.0526747571971574 1.18775116432435 2.03601667561911 1.05649054015107 -1.3178468919152 0.503564997694353 -0.546989133690624 -0.546953738591951 1 7
ID_814 ID_814 -0.556841772074051 -0.35498499263901 -1.29236975407188 -1.09074469116636 0.784511228529212 -1.29382899202278 -0.205448453533448 0.842550988749198 0.552649121369841 -0.294377619582979 -0.536363289386822 -0.277252060377084 0.490314228783962 0.556382947129723 1 10
ID_815 ID_815 -0.0930502329596529 -0.461310299941435 -0.052780031278406 1.00684125338433 0.344082639393355 -0.676590861094899 1.38138417466775 -1.31960164456812 -0.507977796633266 0.30273622339825 -0.491512131902998 0.887577148448931 0.803389271081813 -0.493718188323085 0 10
ID_816 ID_816 -0.213854401463025 -0.452719283825058 -0.638375349359486 0.657243595959216 0.75922736507882 0.964614870669087 0.484127083400789 -0.00893128216088861 -0.626799288315784 -2.04766130327644 0.43553430205989 1.74795898049649 0.436565027104757 -1.08430587725539 0 10
ID_817 ID_817 -0.805334411968284 -0.216411377479174 -0.543228383607929 -0.158484271366052 -0.4144332641184 -0.116810619686874 1.80194080474471 0.00787758317172512 -0.717420166797413 -0.78990286620995 0.453297759643729 -0.71050829301043 0.16246416490944 2.43328698146504 1 20
ID_818 ID_818 1.01098147469112 0.0836456933589394 -0.669879299234872 0.890308700909293 0.78607970641075 0.197507532863043 -1.82893896723859 0.140435166851196 0.369226480092381 -1.25982159068195 0.202792111911961 -1.62243764298969 1.66078330569576 0.62651723254924 0 7
ID_819 ID_819 -0.368575820179595 -0.422061457893774 -0.173554297699072 -0.391549376316129 0.713302332707389 -0.737697333896427 0.292671080364318 1.11936836280745 0.670840713634794 -0.530822084102037 0.0936501358806757 -0.513557252250159 0.855407472830015 -0.511195617700719 1 15
ID_820 ID_820 -0.101008837890093 -0.461158395180541 -0.173554297699072 1.23990635833441 -1.02413198622983 -0.221991978531061 -0.235484675657971 0.428984591717649 0.915347484710102 0.459518036248041 1.46515946051822 -0.499509055139414 0.3668068324331 -0.538800196050569 1 15
ID_821 ID_821 0.729075848807942 -0.162360194122462 0.460153986955108 -0.158484271366052 -0.932093704141187 0.734870878588444 -0.452701645347425 0.422826757248786 0.807593993129514 -0.701139963761717 -0.670301227623317 -0.853973164637726 -0.222971084695205 0.0502621585461373 1 20
ID_822 ID_822 0.631906325249512 -0.230172632212945 -0.859111053769646 0.540711043484178 -0.136498983509874 -0.810406301533688 -1.24989342636701 0.678793047225072 0.104573670125656 1.29201685228878 -1.43163158981498 -0.422557714099125 -0.188000696407601 0.828408101334771 0 10
ID_823 ID_823 0.433094673708935 -0.341788097514213 0.187841378023552 1.00684125338433 -0.384318488792871 0.608724760207741 0.222535615228449 0.68137953666272 1.02312864629094 -0.506372752665357 -0.0514140813813996 0.904233627489904 0.333666452862361 0.352112522231744 0 7
ID_824 ID_824 -0.364125140287365 -0.423251712618393 -1.49338035766793 1.12337380585937 1.24024816178888 -0.0104252283597338 0.937297438400504 -0.139674675620696 -1.24237052869075 1.61534991352698 -0.698359940612005 0.222520512482689 -0.450372876395266 0.749433613806032 1 7
ID_825 ID_825 -0.336017890918704 -0.430346572958423 -1.02539832575122 -0.624614481266205 -0.861512199471978 1.17280303272158 -0.155805847457503 -0.298531219660479 -0.635448604866028 0.575493921059201 -0.579609548887643 -0.140132759384712 -0.619223650556568 -0.982792545169729 0 13
ID_826 ID_826 -1.05507675015738 -0.0197712191687066 -0.373586676458301 0.657243595959216 -0.911452535220147 -0.95575856230914 -0.317199339797269 2.36907052675237 1.71601637796619 -1.56968269641807 1.06281295180326 -0.770985781572186 -4.35632901624466 2.8389991393306 0 20
ID_827 ID_827 -0.231196705870678 -0.450381388721426 0.117182884026596 0.890308700909293 -0.435137172154701 -0.512827849080105 -0.808288209041422 0.278155781369664 1.12735665430965 2.33001324907897 -0.335098805937859 0.721733498824219 -0.627702242575298 0.44707883604795 0 15
ID_828 ID_828 0.0519586183073711 -0.453851038748683 0.758084771324086 -0.391549376316129 0.774723926548415 0.713001270398072 0.0977932834090395 1.58740025857409 1.6187612100117 0.0170065894025748 -0.0710147041179479 0.597160174398216 1.19225344411666 -0.691735260678732 1 20
ID_829 ID_829 -1.07798788556319 0.00114850905686327 1.06131585526601 -0.624614481266205 0.722650460881356 -0.883414453000047 0.503308570662277 1.2240946569354 -0.162651310511815 -0.387491019763415 -1.21534524027291 1.49163557601384 -0.230294206696298 -0.058303987837822 1 13
ID_830 ID_830 -0.594420419045881 -0.337683287704761 -0.605663218808772 -1.09074469116636 -0.0350498341319997 -0.192817906610771 1.1627433425454 -0.715290936343894 0.0862160898389458 0.146295683743344 0.948792316597905 -0.482562246691486 0.840245236491709 0.106920210120113 0 10
ID_831 ID_831 0.236212380939375 -0.416401596879955 -0.875766426644329 -0.0419517188910137 -0.750150269882783 -0.127172596206837 -1.85832103186925 -0.777506618558052 -0.201443023222007 0.619709884203901 0.240663719591887 -0.145654169122472 -0.300878430124838 0.939120080461295 1 10
ID_832 ID_832 -0.76913701048025 -0.240140123502238 1.47074675058776 1.23990635833441 -0.583201484171884 -0.616739500942268 -0.218721125675182 -0.271782276458257 -0.888098494251623 0.98244381839461 -0.136923528276499 -0.256126381561947 -0.145363191228158 -0.891630929965259 0 7
ID_833 ID_833 1.61601084565648 0.859040438103022 0.740925685660294 0.0745808335840246 0.150156034120002 -0.201421265988966 -0.39033047943772 0.4205188128275 0.206876985479581 -1.16347688252122 0.520246280862161 -2.37964483272357 -1.11406912127781 1.22024455359362 0 10
ID_834 ID_834 -1.14981265072055 0.0698675725084056 -0.64881096431647 -1.2072772436414 0.0236739777527815 0.802158051469133 0.355940948625397 -0.704542746325626 -0.224630483435552 0.995891257144191 0.142234345843748 0.842164009922263 0.122881819480829 1.07676725282437 1 20
ID_835 ID_835 -0.0436542635153527 -0.460946896837775 -0.0691944980365581 1.35643891080945 0.492774342563153 0.737286240720914 0.083193955415276 -0.93559749540405 -0.279032959230687 -0.466998848140605 -0.734283754758166 1.25778928690839 0.136426618303989 -0.279515383927794 0 10
ID_836 ID_836 -0.815288149264205 -0.209674532421093 0.616719675108723 0.424178491009139 1.79798634864072 0.708601078960369 0.568279859769531 -1.01468769999039 -0.479567216959855 0.416888919909296 -0.158922112925841 -0.553500959368377 0.0937922002581802 -0.682277496819819 0 13
ID_837 ID_837 0.0365675972022222 -0.455562541884243 0.940120733159946 0.307645938534101 0.0817076593696854 -0.0426860017363227 -0.945416737894066 -0.159596613112366 0.434700048518887 0.598469182751453 -0.405405501472244 -0.960261823977621 -0.55724503264488 0.621637199142586 1 19
ID_838 ID_838 0.462583168561392 -0.327534972996323 -0.673850600064952 -0.0419517188910137 0.825103436103415 -0.23319312920581 0.0747571578309404 -0.574246019695628 0.0135691552287295 1.32919037827611 0.178482704861349 1.05320539238461 0.160317724994998 -0.0215376865936846 0 7
ID_839 ID_839 -0.782313653905027 -0.231642198240015 -1.29216899897477 -1.2072772436414 -2.45119590196833 -0.845009465377114 -0.894227385594325 2.17216241226905 -0.393985533818751 -0.433269925880377 -1.71466722462856 -2.41453118888192 0.588388054174087 0.647751855788634 1 20
ID_840 ID_840 0.27552306589882 -0.40435973225709 -0.226108332029487 -1.90647255849163 -0.791432607724863 -1.93318483480418 1.57060259225794 -0.810709847710836 0.0436838813884231 -0.489364255614269 -0.389761809502674 -0.00714503316261008 0.785735276881045 -0.00626331158926785 1 10
ID_841 ID_841 1.68917300723465 0.975680512777185 -0.162768273845317 -1.09074469116636 2.87974672180287 -1.00197151815486 0.605481246219301 -1.55160974712516 -0.73887581052442 -0.571942807242846 0.153993461153381 -0.415936330527594 -0.18084251554643 -0.0485177847748005 0 20
ID_842 ID_842 1.62015458210786 0.865514803537642 0.649741479521959 0.657243595959216 -1.39680233088325 0.897911471113466 -0.198857969623366 1.26629091090216 0.7542592538148 -0.37311807360673 -2.37885695506563 0.00117430916637296 0.939110691149643 -0.436794110149242 1 10
ID_843 ID_843 -0.203856815104126 -0.453941023981912 0.169514262703854 -1.55687490106651 -0.68966976277068 -0.411689120512016 -0.986445251363977 -0.930318404141568 -0.580095583179785 1.21460520625086 0.247009384501486 0.825348317980702 0.548890384410891 -1.32123365845524 1 10
ID_844 ID_844 0.158533765874502 -0.436006639190528 -1.28776698720907 0.540711043484178 2.93370236092778 1.06278365244589 2.66631517174565 -1.16449517861172 -0.436654301858767 1.140491063425 0.677857644034474 1.32823162995403 -0.603152914891418 -0.682078840592646 0 20
ID_845 ID_845 -0.711716662511043 -0.275302854391272 -0.123256020641626 0.424178491009139 -0.417632958996738 1.43693127364875 1.6439697176859 0.420094363278758 -0.388054387881776 -0.822694022686821 -1.88375038390284 0.718942590331551 -1.0261916572647 1.52750527644016 0 13
ID_846 ID_846 0.0985043986581258 -0.447345899525855 0.342587421976973 -0.27501682384109 0.475834781442542 -0.276698836256527 0.340039419265356 0.61623647896708 -1.25733023294617 -0.609753768795335 -1.28025421456097 -0.551562308167094 0.271952446405093 0.987942007596002 1 13
ID_847 ID_847 0.298193031458255 -0.39676751157059 0.739225837501684 1.47297146328448 0.902460765220867 3.05923004684708 0.499097508215835 -0.592777221712748 -0.402110748011227 -1.40168777905834 0.696465232867132 0.475569282218823 0.35517054372495 1.37464362824378 1 10
ID_848 ID_848 -2.05768557514091 1.3485681462264 1.2360421415115 -1.55687490106651 -1.16190708334413 0.560220494061126 -1.05219113630742 0.235448861539572 1.2031399020664 0.130592703763205 0.497564841219986 0.297514939665452 0.0231290344124044 -1.08535961898214 0 10
ID_849 ID_849 0.311391599414522 -0.39212901143709 1.6094612225046 1.47297146328448 0.119978519679211 0.236664128642001 2.10457729316485 -1.58195125783604 -0.767777939614123 -1.34526247316561 0.585228657867505 1.33842593832406 -0.305520156054468 -0.943199495371322 0 20
ID_850 ID_850 -0.966326246690654 -0.096238541130906 -0.327584558478984 0.773776148434254 -0.812638428683256 -1.85026713114478 -0.486876789185423 -0.495159794323805 -0.362899102355991 -0.422825789312791 0.572975647131545 -0.19495163415026 -0.429733182950451 1.53869048575275 0 10
ID_851 ID_851 1.26002222787258 0.36193641288979 -0.298569971807747 1.12337380585937 -0.106635164645392 0.820554208375349 -0.541972745583997 -0.0196121571335359 -0.592818900355784 -0.0753179842659776 0.538633661542953 -0.875996054975003 0.174190201002548 1.18006849095459 1 10
ID_852 ID_852 -0.82964871738938 -0.199794088928657 -1.02637655058804 1.00684125338433 -1.42472123717463 -0.267628458218278 -0.573427327882118 1.1748551932692 1.2672968667749 1.10793894528506 0.644427949360755 -0.944340533918776 0.101598458673136 -1.6519919580855 0 15
ID_853 ID_853 0.0322046154359484 -0.456007974652023 -0.420537818533042 0.890308700909293 0.118410041797674 -0.289308340078003 1.11239522455552 -2.94342955763256 0.229228290838365 -0.258433608733828 -1.1801748525892 -1.36701332312212 -1.6879121366209 -0.13966226372037 0 20
ID_854 ID_854 -0.401331070223885 -0.412739765394395 -0.449125344361338 1.47297146328448 -0.380742359222965 0.546465335089203 1.50574990740658 0.124660897293641 1.36169063117363 -0.933387160251735 -1.32434303239524 2.47669515741927 1.12860777404212 -1.59107359416138 1 7
ID_855 ID_855 -2.05770749967239 1.34860820344197 -0.433740203737453 -0.857679586216282 0.615366573784159 0.421005150365455 0.804792030079218 -0.257621578388343 0.988095170674187 1.09878193822405 -0.778342162895273 0.611820872902989 0.39071447734001 -1.11863885564734 0 20
ID_856 ID_856 0.509677062199367 -0.303109526900309 -0.476318534787897 0.540711043484178 -0.137440070238797 -0.918353286505387 0.730680876922267 0.707423495692578 -1.24758550991525 -1.36596687065699 -0.702457385152079 0.0985470460733151 -0.391593851986614 0.496630608886838 0 13
ID_857 ID_857 2.29402698194808 2.1290600093125 0.469750810615444 -0.624614481266205 0.278771220406114 -0.295124181828997 -2.54289379238084 0.59645978280537 -0.592389201528297 1.01763761661708 -0.268556096885009 0.203693071887546 1.20091285396258 -1.30424855103191 1 19
ID_858 ID_858 0.524585743611763 -0.294950885134098 -0.69638992233126 0.424178491009139 -0.290021598554809 -0.26014886249084 0.343004525662749 -0.701848154893533 0.0118845405073327 1.91450332760607 1.15347579375715 0.476974570203135 0.331326846586191 1.45183020972795 1 15
ID_859 ID_859 -1.56697071135824 0.563035816587918 -0.591037297461226 -1.32380979611644 -0.195222795394656 -1.4907795175677 -1.29985394075773 0.700575930707009 -1.4426883093591 0.263201182517653 -0.969063394615977 -0.39606281434826 -0.0188381879020369 -2.01867248592509 0 13
ID_860 ID_860 -1.10195139848046 0.0235470414744199 -1.32493953100828 -0.741147033741243 1.37105921710915 1.08566756678857 -0.637057899808035 -0.778196349074758 -0.715878785018512 -0.40719635959017 0.552443858495679 -0.230487485288363 -0.361481068473539 1.25276371425919 0 10
ID_861 ID_861 1.00604845510614 0.0787109283054161 -0.490473594180406 -0.508081928791167 -0.419703349800367 -0.204252566615547 0.797857349282181 0.0367534165345976 0.131953786436636 -0.913859566880649 1.41409738454153 -0.669487557447056 0.426355435155025 1.81868348211291 1 20
ID_862 ID_862 -0.00190995556064835 -0.458885650170108 -0.364782652926911 -1.55687490106651 1.06489233463294 1.26577623190528 -0.0846922028915658 -0.343062277746532 -1.46230145659855 -0.721703389926185 -0.159130838795502 -0.306196497430826 0.399120301208775 1.82875448910788 0 13
ID_863 ID_863 0.659684706645841 -0.211675444472518 -0.210690340571529 -1.2072772436414 1.16878830950601 -0.466410572570609 2.04108122091056 -1.32146192735597 -0.951832270720931 0.389817521792092 2.76029797656309 0.962856754033042 -0.735538025538094 -1.25651923314665 0 7
ID_864 ID_864 0.0208257835932532 -0.4570870948837 0.422326616530061 -0.158484271366052 1.00221595848668 0.676150579253133 -0.452664963618797 -0.412526231848368 -0.93461339232706 -2.13420543962288 0.702269290584166 -0.901367098957008 -0.0983095413839781 0.358508820885368 1 20
ID_865 ID_865 -0.675256166645142 -0.296052140318849 -0.317732958349953 -0.741147033741243 0.459961785281378 -0.237184679315965 0.102023909444083 0.0831974820008807 -0.24244182536429 -0.141960646765607 -0.798239542331717 0.157129901118069 0.0655788859687544 0.311232957431706 0 15
ID_866 ID_866 -0.32961592772397 -0.431860702920732 -0.220804747373139 -1.55687490106651 -0.0909503858300125 -0.514506197389677 -0.47024162525283 0.274163302801807 -0.128975292554618 0.00807881397748877 -0.148115345442515 0.107121597316477 1.4531493126982 -1.49278194784684 0 20
ID_867 ID_867 -0.412030241590427 -0.409480570675957 0.924073100715601 0.424178491009139 0.358638114134027 -1.95892923843969 0.805997024864633 -0.383308550798153 -0.370788307722764 0.273400874804378 -0.353406492239881 -0.737869498249791 -0.239195515513465 0.258356283955842 1 20
ID_868 ID_868 0.565474994838402 -0.271522689577447 -0.102435892025104 -0.391549376316129 1.23899337948365 -0.713448849406401 -1.51973644939412 0.655272573402971 0.897414069250827 0.225906666356704 1.23724402333714 -1.35881385874182 -0.622754008377631 -0.518558853947042 0 10
ID_869 ID_869 0.75538528659452 -0.142501603442565 1.12922947957158 0.191113386059063 0.108936435393184 -1.64065602161244 -0.275804009041083 -0.638046755693371 -0.605936108123645 0.836541559636914 0.419071121182305 0.368426024221358 -0.758517325259078 -0.382064751424304 1 13
ID_870 ID_870 -0.622418045757098 -0.323946317295266 -0.584350327681165 -0.857679586216282 0.026685455285334 0.833703702522513 -0.434250735847769 -0.588886544716347 -0.0921237351564109 -1.83777338507196 0.0950914506651496 -0.0416169675061926 0.415799643219093 0.92853083983022 0 10
ID_871 ID_871 0.315009147110177 -0.390829614133579 -0.85031068033093 0.424178491009139 -0.343726281218669 -0.171422614247017 -0.18252848676267 0.856133374308951 0.512010029230871 -0.746330467818534 0.347744652182733 0.521011453686187 0.602714559335515 0.557276900152003 0 10
ID_872 ID_872 -0.560744338679061 -0.353248793195857 -0.869707272804317 1.12337380585937 0.881756857184565 1.21376202864169 -0.111103047503399 -2.36723266319073 -0.875751163549676 1.06505914515195 -0.148484456249452 0.550108079541961 -0.396841979165958 -1.34626866169274 0 10
ID_873 ID_873 0.214616717422891 -0.422410463139387 -1.22223322332741 -0.27501682384109 -0.757553485483643 -0.70004395442952 -1.67247916739922 0.269225760785578 0.695989488572283 -0.3924801788984 0.588379731659679 0.121374898105038 -0.0401755073954771 0.537601296434557 0 10
ID_874 ID_874 -0.143739749761794 -0.459344140025394 -0.63416679250555 -1.32380979611644 -0.739610098518848 0.0438292050388044 -0.772816977458584 0.73711175201984 0.0371244636809555 0.178548697502707 -0.466831516824955 0.0413451288045476 -0.547752096717537 0.145960909234705 1 13
ID_875 ID_875 -0.396529597827834 -0.414168081134301 -1.29657101074046 0.191113386059063 0.194387110379372 1.03869570562026 -1.25902717679527 -0.668745069306155 -1.06860129944337 -1.47119277241305 0.600229027450552 0.155580853249991 0.688139957204331 -1.12129480303237 0 10
ID_876 ID_876 0.208302452354112 -0.424086117626888 -0.261397428008543 0.657243595959216 0.567935802646451 -0.723205161101606 0.816459876593497 -0.56254248659148 -0.720027657409662 1.06542689643954 0.772887947667027 0.832353685606593 -0.0110384786205778 -0.221927534838374 1 20
ID_877 ID_877 0.777879855902044 -0.125016347148975 -0.820014911130872 0.657243595959216 -0.646128816779187 1.08976857439717 -0.331437964126195 -0.347094216858374 -0.5711939813331 -1.90357634879826 1.2559879315019 -0.171993133885407 -0.303723003259861 0.201355766320675 1 7
ID_878 ID_878 0.0308233699521531 -0.456145332933563 0.208957164146725 -0.0419517188910137 -0.756235964063151 0.48715396526226 -0.343805820295116 0.300956680566162 -1.00624125710436 -1.35079713004386 0.89611538084087 -1.41948333933076 0.484660364041173 0.793608712670333 1 20
ID_879 ID_879 0.797239217206669 -0.109594540271896 0.646599990760546 0.657243595959216 -0.493735505808959 0.944781171949891 -0.628162580615855 0.0717970324026312 1.75404472419877 0.545070469955604 0.16375392533227 -0.787216131967467 1.25937213953047 -0.0287251984512312 0 20
ID_880 ID_880 0.174670221050271 -0.432391878093218 -1.4376251920618 -0.391549376316129 -0.160465325539774 0.164991358656737 1.01327666972403 -0.902208569573691 -0.563516370085923 1.71616279983195 0.129684054102769 -0.424430807047224 0.829726931178487 1.01464831430994 1 20
ID_881 ID_881 -0.793012825271569 -0.224624274627143 -0.662531662680689 1.12337380585937 1.12631392847396 0.391480814450123 -0.296009527893423 -1.1955065237667 -0.179163790075651 -0.299711239090675 2.10425594774505 0.394138439393155 0.568328300833545 -0.484614550782177 0 7
ID_882 ID_882 0.298017635206345 -0.396828071244267 -0.495828280134199 1.23990635833441 -0.190329144404258 -0.847454016175837 0.400069068164335 2.34160068251971 2.94479714281202 0.936045864276869 -0.218088320765799 0.521601477964838 0.0153300528124449 -0.762823959711409 1 20
ID_883 ID_883 0.715855356320187 -0.172098184556548 -0.969668710793811 0.191113386059063 0.241504185940772 0.538350885870753 0.454019331905443 0.56749110110371 -0.614699359969056 0.708389429693614 -0.410387448755645 0.0707751652050838 0.838282701538089 -0.351758448384895 1 7
ID_884 ID_884 0.366729116892291 -0.370932596487991 -0.164695522777561 -1.2072772436414 1.15862457283364 -0.950920540877636 0.0434187343401399 -0.618231262190096 -0.287223279306116 -0.485711259490865 0.349338539758142 0.426422601173357 1.3955632449299 0.0601409872343852 0 13
ID_885 ID_885 -0.896496613898777 -0.151298094165716 -0.215424510770623 -1.67340745354155 0.59265501405949 -1.5540824375048 0.213041161135352 -0.966797853248706 -0.361696271168443 -0.726251247516061 1.30764771531937 1.10986645406462 0.278067176097665 0.512972242878676 0 13
ID_886 ID_886 0.0263946145914124 -0.456573888028915 2.51420969378394 -1.78994000601659 0.524269378424435 0.165662697980566 2.41477021768226 -1.46930632681436 -0.500974031274647 2.84397019024001 -2.43755815669156 2.08632853883826 -0.66859353266511 -2.13184175620948 1 20
ID_887 ID_887 -0.430929187733785 -0.403465646888952 0.976157368118781 -1.32380979611644 -0.610618477541168 -0.511295444101801 0.513699893020317 2.66039545374615 3.069295867488 -0.561173823704553 -0.973063842708205 -0.835289062480435 0.897379259692045 -0.413557809490393 0 10
ID_888 ID_888 -1.23744500308134 0.160153347125238 1.28421971472494 0.307645938534101 -1.06102258600361 -1.45762119270382 -0.419211227110475 1.2432479428224 -0.133968913777077 -0.16813718341634 -0.189583004672922 -1.94421159781129 -0.490199105381035 1.47059458596858 0 10
ID_889 ID_889 -1.10828758808073 0.0295579508666428 -0.610988704021168 -0.0419517188910137 -1.38958733262818 -1.54519448863064 0.829567480956407 -0.597692878049119 -0.683736010604847 -0.164596964354463 -0.214949138213825 -0.270798318624408 0.549567348715117 0.292183984552584 0 20
ID_890 ID_890 -0.0517224911032366 -0.461159990283868 -0.961908613767387 -1.55687490106651 1.08660006851342 -0.875037305785316 -1.41543195404169 0.936297966815547 1.20929566329956 0.928684709336921 0.757263654987027 1.40768355008003 0.536162573453255 -0.610584191878353 0 20
ID_891 ID_891 1.2725411353527 0.377435380510605 0.95197331409325 0.307645938534101 -2.31147589228092 -0.0599802864914719 0.581191216884284 -0.963922870758397 -0.687061293576648 -0.396243500408082 -0.616688931525976 -1.09184192084923 0.035605243978795 -0.393645113884429 0 15
ID_892 ID_892 -0.0317273183854369 -0.460521935365589 -0.0958657252106336 0.657243595959216 -0.997279644897904 -0.705859796180513 -2.15491114868728 -0.67407655355981 -0.602667792799428 0.856519035416486 0.00951961146035516 1.49382709476312 -0.579474599911672 -1.07626893728213 0 19
ID_893 ID_893 -1.03067474661033 -0.0415199231506891 -0.859111053769646 -1.44034234859147 0.190309067887373 -0.0227501426852391 0.64676102953031 -0.519084821622051 0.0249529188629797 1.11164710410161 -0.765182104295676 1.34129177053465 0.343501178584997 -0.834512946039241 1 13
ID_894 ID_894 -0.132645936828454 -0.459976977911492 2.4330571833472 -0.0419517188910137 0.862182253222971 0.229053183916423 -0.652476453074481 -0.862389896282307 -0.384623307850177 0.717208105570048 -0.0238434964626807 0.024640417620161 0.00949779584746736 -0.273194229151406 0 7
ID_895 ID_895 -1.10201717207493 0.0236092483045154 0.406440318181939 0.191113386059063 -0.33262145781738 0.770276730753838 1.21794384187057 0.7896009075436 1.33123735442258 -0.341541722216535 1.28502919229201 -0.717092214722999 -0.178092099987273 0.188400357279418 1 20
ID_896 ID_896 -0.777161389005156 -0.23498407613678 -0.931496041601738 -1.67340745354155 0.858543384537804 -1.84059108828178 -1.27066139839164 -1.85431191163249 -1.32360151120355 0.386675699958439 1.82704534285345 -0.0744925583847575 0.372207111198736 -1.77938242306733 1 20
ID_897 ID_897 0.813112578004571 -0.0966918543556824 0.380500934589142 0.424178491009139 -2.0444582177279 1.44659272217863 0.235936673420379 1.80252654353233 2.19537960061617 -0.99581294132032 0.36355769470719 1.48467703571166 0.672869671188803 -1.09039080386599 0 10
ID_898 ID_898 0.878447681841241 -0.0411378482830715 -1.01779883280248 -1.2072772436414 0.378840109248236 1.43266243120919 0.298833610773745 -0.668395561630863 -0.634698259565 -0.975194352462714 -0.235893932481567 -0.42737156297574 0.421089667212053 0.417310632267363 1 10
ID_899 ID_899 0.94823346557014 0.0225480974778823 -0.783820592168489 -1.32380979611644 -0.133299288631537 0.723691619413385 -0.219931622719892 0.210389758103281 1.0868656780544 0.234026798662359 0.366236893888223 -0.360928273374288 0.460126472025467 0.271194658567612 0 20
ID_900 ID_900 -0.00947391892428904 -0.459378344335151 2.09205822549083 -0.391549376316129 -0.0972870364714256 1.66645635073249 0.300698265312312 -0.966582312462235 -0.937204606468571 -0.897801093989172 -0.377630961860487 -0.060317459226779 -0.0680765801686864 -0.700933907719592 1 20
ID_901 ID_901 -0.866964269983344 -0.17323095138341 -1.37306965301695 1.35643891080945 -2.13373597874504 -0.217679353092119 -1.46971479878902 1.82544018714021 1.87800469769331 0.665779313838061 1.33635342083044 -0.0466073553931661 -5.77693971121126 1.65137607131011 0 20
ID_902 ID_902 0.920762027614654 -0.00305806677195694 -1.5775003934492 0.307645938534101 0.90051585264776 -0.0724730356479344 0.941812347832411 2.00865648766449 1.76810271197529 0.657876951586541 1.33339109688272 -0.177176918619272 -4.54362982406544 1.106440447105 0 10
ID_903 ID_903 -0.727261155336612 -0.266083931129384 -0.534953623514371 -0.857679586216282 1.94148325306687 -1.24576985303652 -1.01821774197687 0.128756172236584 -1.19709427003849 -0.715378067779618 -0.775028554514817 -0.5675210600849 0.0690979978030044 -0.19395241943871 1 10
ID_904 ID_904 0.840364770645168 -0.0739980013841184 -0.218848297699497 -1.09074469116636 0.201539369519186 0.096777445622502 1.90756584232773 -0.438126408978943 0.0417209390174043 -0.267417159770865 1.98728347469445 0.326584873946716 -1.58386911783814 1.32029819427092 1 19
ID_905 ID_905 1.93742447728251 1.40824830663582 0.516970599511044 0.890308700909293 0.060564577526554 1.01473910779277 -0.754751226109518 2.13716190455831 2.01034868126507 -0.136086432865152 -0.840692528180698 2.61822606057765 0.84545367195289 -0.746339811469642 1 13
ID_906 ID_906 0.120977043434161 -0.443490057015248 0.732602379334163 -0.857679586216282 0.331158381649482 -1.5944065799339 0.438542699235338 0.710384694497475 0.325180885392626 -0.907761024694763 0.214034786674956 0.00441756960600692 0.127841079155764 -1.23576829463429 1 13
ID_907 ID_907 -0.580344869830061 -0.344316383110842 -0.0355004925563486 1.35643891080945 -1.06227736830884 -1.37609724785803 -0.00355833278887121 0.691695650304417 -0.625560648892612 -0.234288285028223 -1.24091560114552 -0.780337198115572 0.62830469207345 -0.0199155721265402 1 20
ID_908 ID_908 1.52690954968592 0.723655041500881 1.25030670368425 -1.67340745354155 1.37432165110274 0.206402778903772 1.32786858941088 0.817200076248147 0.766517063927687 0.16902210039766 -1.78125921836302 0.27606568404353 1.18901415889546 -1.50047339872936 1 13
ID_909 ID_909 -0.440948698624174 -0.400143169325138 -1.22223322332741 1.00684125338433 0.038668626300284 -0.691980585377013 -0.655239809964422 0.616760408878809 -0.733195322236812 -0.430934705204174 1.26032393487316 0.116519372910328 -0.264123899105803 0.221088807599455 0 20
ID_910 ID_910 0.259320837128586 -0.4094955119401 3.24153811042384 0.540711043484178 -1.217054765659 0.555389769796185 -0.439221110076802 0.937302718481711 1.54406523050026 0.722511692055923 -0.569323206669894 0.758876931985028 -0.773939762860898 -0.396671598319281 1 10
ID_911 ID_911 0.44653441151158 -0.335391509953989 -0.3320413216348 1.23990635833441 1.5902006728061 -1.28498482614799 -0.68160785922619 -0.00879864167690667 -1.27333651427005 0.457530340538611 0.696727385428877 -1.51063272491764 0.961269695361923 -0.255686137616968 1 19
ID_912 ID_912 -0.278290599508654 -0.442633613019643 0.316698409663087 1.00684125338433 0.710980985442713 1.34974472754979 0.282192333219715 -0.361345110457396 -0.545136979328423 1.4923922705209 -0.271845062924661 0.222661462727034 0.0711672593765743 -1.24334314294869 0 10
ID_913 ID_913 0.170109918500596 -0.433437780623486 0.975196663726799 1.47297146328448 -0.508479197895416 -0.21567992945376 0.79516674448735 3.11846936517784 3.43403530025883 -0.239156086238303 0.792502202336786 1.04760016173742 0.766288540076577 0.800509857257795 0 7
ID_914 ID_914 0.0905457937276863 -0.448599768225794 2.45293193796098 -1.67340745354155 0.960557185953032 -1.82045820573348 0.120694909315504 0.416639078671028 0.912440507036271 -0.288938578039507 -0.849500854255329 -0.473374725781059 -0.0618386517931274 1.08967558897701 0 10
ID_915 ID_915 0.279864123133605 -0.402942587707168 0.540173508625614 0.890308700909293 -0.168119497601679 0.366553693469706 0.689305109754683 0.235362645224984 0.0506485832172702 -0.604954614492271 -0.0790528259661723 -1.06616181653078 -0.279806537971136 0.573497612962084 1 15
ID_916 ID_916 -1.76321719271462 0.850541766877965 1.01795640438318 0.424178491009139 -0.160214369078729 -0.296649289640738 -0.582334874317174 0.97693569509552 1.6512620667816 0.018442658180618 1.03991654706046 1.66402568549216 0.56958961543295 0.0764044543194443 0 20
ID_917 ID_917 0.687528861636637 -0.192420389483521 2.9278235953109 -1.2072772436414 1.61747336621028 1.7702585450962 0.279569589622846 -0.558017456480436 -0.270046719736164 -0.0408609144563191 -1.27281956790988 -0.566284818739154 0.900689107967758 -0.566525695582176 0 10
ID_918 ID_918 -0.983778173755751 -0.0817756763389107 -0.220739045704995 1.23990635833441 1.15711883406737 0.990687646799951 0.0946386547470705 -1.29538480820511 -1.28086600963351 -1.25360046473354 -0.203460207820429 -2.22692688193266 0.739551757702819 1.98818906725553 0 20
ID_919 ID_919 -0.364103215755876 -0.423257530730906 -1.42882481862308 0.657243595959216 1.77652329730976 2.01764708592704 1.29927212513499 -1.76979339523919 -0.179036833603893 -0.534187008383495 1.05871812878881 1.12044006375664 -0.651695886204895 -0.448130902800398 0 10
ID_920 ID_920 0.526975517544043 -0.293624042983147 -0.956437124848002 1.47297146328448 -1.28901653086396 -0.185622900379304 -0.0611914420841846 1.68718237866162 0.51153150099117 -0.748426650157803 -0.637140501477948 0.0631811781202522 0.879762752113987 -1.11206160708244 0 20
ID_921 ID_921 -0.48525817676307 -0.384340211712016 -0.190483427524358 -1.32380979611644 -0.917036316478422 -1.60948982322035 1.11494154788442 1.34272167378467 0.876541123176245 1.25649207790748 0.660246234936447 -0.219951805728542 -2.72502145069558 2.20387358798871 0 10
ID_922 ID_922 0.950228597935622 0.0244348685143274 -1.11952691564653 0.657243595959216 -0.949096004377058 -0.356084711299257 -1.5541500244682 -0.123586379717314 0.598141857082923 -1.12216002536036 0.502136781896818 -0.303810177014948 0.170515188919735 0.208859357510109 0 7
ID_923 ID_923 1.03145898710169 0.104370360489215 -0.627877682827032 1.47297146328448 1.40017016659049 0.614752219789071 -0.0976041713684622 -0.119843265259343 -0.918498058649234 0.511881529169322 -0.997118961773924 -0.823886609158881 -0.269623407166846 -0.501962421750785 1 19
ID_924 ID_924 -0.883056876096134 -0.161379134568168 0.74110089010868 1.35643891080945 0.871718598742722 -1.25789044669826 0.353788953879248 -0.26698533335505 -0.337442702121551 -1.51266285927707 1.10376642499906 0.0185435000740978 0.884598526443526 0.651755210627544 0 13
ID_925 ID_925 2.03001177375977 1.58412756472336 -0.390607058600455 1.47297146328448 0.491770516718969 0.107460497471253 -1.65588068519526 -1.22378215893955 -0.585224299109371 1.52892836094308 0.821989122481861 0.100349898035861 -0.0336576642030501 -0.984157227078139 1 10
ID_926 ID_926 -0.408478467489239 -0.410574220859401 -0.751382218568379 -1.32380979611644 0.689210512446967 -0.457435057697684 0.794195290040864 0.403570674986706 0.111016060008517 1.86605209546594 -0.545955975926194 0.877963498892811 0.0780621518405963 -0.862061382411846 1 20
ID_927 ID_927 0.0894495671532458 -0.448767900881784 -1.03034785141812 -0.27501682384109 -0.345482976445991 1.08241303050131 -0.664575309900133 0.947194382574666 1.68196925647617 0.365542259298205 -0.739585528166896 1.73696860762352 0.146590785287378 -1.6040164792231 0 20
ID_928 ID_928 -0.78485689955773 -0.22998356679278 2.20448838005712 -1.32380979611644 0.836521955081011 0.923553714417093 1.17678633098832 0.275794780754785 0.861936245982918 0.852899136908965 1.04871438703262 0.230365494022566 0.217590228189814 -0.739114770859614 0 19
ID_929 ID_929 -2.08805105125291 1.40447220714141 -0.843952218891593 -0.741147033741243 -0.496558765995727 1.75079700187174 -0.600168308051599 -1.39955069628825 -0.95692843370904 -0.151470695062712 0.0134005179844278 0.31272258131107 -0.329297700329621 -1.04709670218307 0 10
ID_930 ID_930 3.02003591766871 3.95894947653351 1.48015668950315 -1.32380979611644 0.428466749420096 -2.02306403536501 -0.382541725725805 -0.412146382662365 -0.684483100611727 -0.350495240231752 -0.396387453348217 -0.320408590174529 0.477926002526166 -0.852223580553123 0 20
ID_931 ID_931 -0.0827676276913991 -0.461420083189302 -0.615350564767442 -1.55687490106651 0.83482799896895 -0.530523477996239 -0.520434457258189 1.43616357873786 1.03672275465143 -0.718626537486673 0.442386970023903 1.06092721806315 0.77953675356124 -0.804641095531433 1 20
ID_932 ID_932 -0.843483096758823 -0.190095836780541 -0.785587237023047 0.191113386059063 0.331283859880005 -0.619242429073499 0.47388248795726 0.712132232873937 0.0865059737827919 1.25809792519663 -0.803199468799932 -1.43465539221036 0.568621578528861 1.87903178903732 0 7
ID_933 ID_933 -0.120653218104072 -0.460533439865453 -1.14547907456369 0.890308700909293 -1.90166399139269 0.112962561060022 -0.552530969807292 -0.150071036755202 -0.500555725976677 0.718634367647088 0.461665669414629 -0.088329564265604 0.742601404715018 -0.371824886636236 0 20
ID_934 ID_934 0.46392056498221 -0.326869540975437 -1.10368551343831 -0.741147033741243 -0.45904077506934 0.0458651145099802 0.080528416468341 1.74652904720725 3.62977613735561 0.522345892057726 -2.24500185703865 0.94905674173792 0.911677098612577 0.570940993690633 0 20
ID_935 ID_935 1.18815361365224 0.27575608498716 -0.945227690243981 -0.97421213869132 -2.08153703484746 -0.00427371694682647 -2.44586450653954 -0.421751841751008 -0.946407323023911 1.67004678836803 0.261321341457391 -1.21620124440591 -0.328625146216302 -1.68338827920619 0 10
ID_936 ID_936 0.098219379748771 -0.447391812302817 -0.139130273683922 1.47297146328448 -0.279544166306136 0.569568164428782 1.59485471714004 -0.43194788259458 0.290198355129279 1.06084839290903 1.16209536998732 -0.723479461676018 0.286080492975705 -1.44307470491712 1 13
ID_937 ID_937 0.599699188492443 -0.2507281117635 -1.25079884859965 0.540711043484178 -0.237007046158826 0.644604928199753 0.339898805972284 -0.796318355198793 -0.81688405183107 -1.04028633036633 -1.80331673490824 0.0447358953138443 0.0292285489463468 0.166783968594759 1 20
ID_938 ID_938 -0.399292088795425 -0.413348907422237 -0.52324047612124 1.23990635833441 -0.478803596376718 1.65672193053698 0.695721355453784 0.261542560750923 -1.12731541233704 -1.16549951460297 -0.300495716397769 0.112773655287366 0.783225878254956 2.94217081905179 1 19
ID_939 ID_939 0.066669978936366 -0.452010936578362 2.68540999050566 1.35643891080945 -0.854046244755858 -0.735617641425871 0.160195017425934 0.529671983108354 -1.85974031908228 0.367255980298379 -0.0440884901959981 -2.75253549409881 1.56394653885506 -0.170604698548098 0 7
ID_940 ID_940 0.746396228684106 -0.149358405871475 -0.50195678573503 1.00684125338433 1.47955396913089 -0.714492344224961 -0.646362831636556 -1.09324734264081 -0.890911068395173 -1.12713692611909 -1.55837186731621 -0.499003320043427 -0.170985077340623 0.573860376507357 0 7
ID_941 ID_941 3.05873271574647 4.07012737906991 -0.868145033139543 -0.27501682384109 -0.639917644368297 -1.47474034546145 -0.504178337854748 0.895676818596073 1.83654364378207 0.317477472469457 -0.150239829802897 1.15945190713317 -0.110685419107234 -1.2661583787782 0 20
ID_942 ID_942 3.66531872844753 5.9933475488572 -0.614901603368453 -0.391549376316129 -0.112971815286805 -0.264497973762599 -2.10539692866153 0.0160316569245161 -0.595945610384579 -0.387779091605361 -0.229861435022228 -0.814488365291793 0.420419318194187 0.103789215235313 1 13
ID_943 ID_943 -0.53300980634571 -0.365282769052658 1.32439628479543 1.00684125338433 -0.478803596376718 0.0975071622788377 1.92222630653588 -1.41646899002014 0.0631684445090421 2.30427678813572 2.76097433017239 0.748429756067004 -0.838921720780261 -1.11403953212691 0 13
ID_944 ID_944 -1.00554923352414 -0.0633397246339365 1.32484889628709 1.47297146328448 0.540267852816122 -0.315001663547574 -1.16111141584548 0.437069029216349 -0.192598389022906 -1.34597958817642 -0.183684939047246 -0.825052609519073 -1.14082133931974 1.37663019051551 0 7
ID_945 ID_945 -0.447833001511662 -0.397806675370355 -0.316882486756746 -1.78994000601659 2.06739438348521 -0.886931687283583 2.49626479144979 -2.8166385189942 -0.851590370385991 0.460292765627233 -0.909869346173962 3.93124080353341 -0.498324882127204 -1.24708306235591 1 10
ID_946 ID_946 -0.744888478653621 -0.255360155460213 -0.792398309954048 -0.97421213869132 -2.00800679176096 0.694378901328392 -1.17421290658695 -0.501943028674642 0.792434088284017 1.73909822180138 1.30850757572189 0.439301520011251 0.905921799478927 -0.525429768239065 0 20
ID_947 ID_947 -0.476795307608387 -0.387498359595109 -0.309027487320779 1.35643891080945 0.758976408617775 2.04450065888018 0.0715719610617817 -0.0941007317293344 -0.0230789462852508 2.29175485679325 -2.28570366377517 1.42719181313449 0.88418617359372 0.240909516735011 1 19
ID_948 ID_948 2.44802489112553 2.47659440851729 -0.969668710793811 0.0745808335840246 -0.881651455470925 1.0472698763322 1.0358871038414 0.59461939609012 -1.16273952325151 -1.71059273144672 -0.188553007257826 -2.72389590292237 0.756749297144711 2.90720300445562 1 20
ID_949 ID_949 -0.92403382544873 -0.130122396985465 -0.39556753454538 -0.97421213869132 -1.14132865353835 0.0556360205383113 0.521108379478794 0.152170533671499 0.180793778357015 -0.137875542879283 0.705902725089951 -1.34697591130983 -0.824846596500533 0.386816901396229 0 13
ID_950 ID_950 1.38080447184447 0.517499165350663 -0.510008890175431 0.773776148434254 0.527845507994341 -0.86952064786342 0.629447253618109 0.293193896241118 -0.376089554242174 0.95334856235803 -1.10220543767501 -0.779011984854792 -0.465314603188221 0.6807115150449 1 10
ID_951 ID_951 -0.893734122931187 -0.153383815941991 -1.17528208125267 -0.0419517188910137 0.335675597948311 -2.51182095461191 0.123323766533812 -1.16416026138966 0.312154012037362 -1.62841870623449 -0.0343678732064945 1.0164084814192 -0.320788236974542 -0.395780668326544 0 20
ID_952 ID_952 -0.707726397780078 -0.277633409134235 1.05657438488156 1.47297146328448 -0.836667509828417 -1.04213512291956 -1.24189069590477 -0.33241821050819 0.241014197235143 -0.597360550403515 0.0216976465636562 0.291845087311556 0.361049328203996 -1.41803538306599 1 10
ID_953 ID_953 -0.0281755442842485 -0.460370036782472 1.29921429543263 -0.27501682384109 -0.418260350149352 0.0807747593490665 -2.48728429178147 -0.593810159481757 -0.669982392831125 0.513978324427404 -0.854895953976041 0.739977424138706 1.03809522096207 -0.744435302856957 0 20
ID_954 ID_954 -0.826360037666058 -0.202073573913991 -0.379846585395422 0.890308700909293 -0.355395756657312 1.90940091712624 -1.13169878310762 0.883311409476854 -0.901808165554353 -0.365622076527999 -3.00302123237547 -0.896197362420254 1.33072241311956 -0.552036746839413 0 20
ID_955 ID_955 4.42042151745382 8.861516711558 1.57450428495895 -1.55687490106651 2.21015724026279 0.484636442797903 0.428170329103755 1.11416885583535 0.630657362676491 1.07009120860382 -0.0248894851840432 0.124308957726265 0.109684323191597 -0.0225906077838406 0 20
ID_956 ID_956 0.211766528329346 -0.423171387109373 1.39591620066361 -0.97421213869132 -1.17803103596634 -0.477130110252176 1.2283602300765 -0.986286056357755 -0.0909843822047416 -0.916856739874516 1.37926255213686 0.0309733448776847 -0.620914958769407 -1.17281586368846 1 7
ID_957 ID_957 0.771982156931553 -0.129645818141876 0.758130762491788 0.307645938534101 -0.707299454159167 1.73008034599838 -0.286313324292875 0.243506770941476 -0.912978707421933 1.02225902446447 -0.398672899381509 -0.926443130799688 0.876044961179377 1.25596380696214 1 19
ID_958 ID_958 0.714781054277234 -0.172882416775109 1.18647388298899 -0.391549376316129 0.348599855692184 1.68980728373522 1.36291859247664 0.792419517828217 -0.773541437902496 -0.49895643503227 -1.28306449002287 -0.76180294339413 0.464679994136956 0.0612422337111079 1 10
ID_959 ID_959 0.257610723672459 -0.410023460210827 0.992566359737921 -0.741147033741243 -1.0533684139417 -0.683632626828536 -1.03723721827025 1.21208074509874 0.451832661617846 0.21104154639346 1.05702462323993 -1.73104425485285 -2.32078335215889 1.72026659600297 1 13
ID_960 ID_960 1.87228669422924 1.28924911986118 -0.0833751080777902 -1.55687490106651 -1.22213663399518 1.05961668215739 -1.43364443230527 0.24612642050012 1.51825888614495 -0.640344546734786 0.607579785281882 -0.829327944173109 -3.71396265968388 0.42113692394727 0 20
ID_961 ID_961 -0.689331715860963 -0.288187163242285 -0.304625475555084 0.424178491009139 0.997071351035235 0.785549700370939 1.0156494273403 -1.20690034134075 -0.341895944515504 -0.583232771771891 -1.04185267491009 -0.0237851226402872 -0.0466668673915076 -1.73569100893006 0 10
ID_962 ID_962 0.685533729271155 -0.193823860195202 -0.326011368536185 0.424178491009139 -0.313360549432094 -1.56747273814856 -0.631641231214034 0.446536243760562 0.927141415406953 -0.0522685593973942 1.82430847010883 -2.44976406723567 -3.3542013364444 0.955669007907575 1 20
ID_963 ID_963 -0.188268473215577 -0.455662084633617 1.77286857136583 0.657243595959216 -0.775622350678961 -0.109805339786054 0.773484786057751 -0.062982279383537 0.0835192414023445 0.95635799372815 0.542015429589463 -0.0574389836387874 -0.152373189674853 -0.331979629801591 1 13
ID_964 ID_964 -0.362897366523992 -0.423576844317826 0.612756878994575 0.424178491009139 -0.390906095895331 1.62149850753567 1.19382866210867 -0.38817509699533 -0.0888293774790127 0.828485354763419 -0.823296084183302 2.22592547352773 -0.847834716603332 0.268749027666561 1 13
ID_965 ID_965 0.486195888974847 -0.315543771928636 -1.25940211703394 0.657243595959216 -0.964216131155084 0.978041657145658 -1.93013162927911 -0.950877679158771 0.246558321250907 -0.0810224196553278 0.445003252590118 0.500171889818871 -1.22196003162695 -0.252046841907422 0 20
ID_966 ID_966 -0.357175063805411 -0.425073853786336 -0.74665169846196 0.424178491009139 0.649622130716948 0.432403324537414 1.36852417197308 0.284111339100454 -0.225237595794084 0.755959284581145 1.1792034461668 0.28941896367053 -0.605194833281364 1.34642148814423 1 10
ID_967 ID_967 1.80017691016253 1.16207593788805 -0.831724408431329 0.890308700909293 -1.39190867989285 0.984711267384564 -1.11247755730679 0.828981867237844 -0.208093589165608 -1.22232321772392 0.478857634413864 0.273635814216608 0.764054778382176 0.546121921134847 0 10
ID_968 ID_968 0.656834517552296 -0.213606098822923 3.24685264535822 0.657243595959216 -0.533135670193193 -0.532391552636458 0.287963591857116 -1.73967405733898 -1.09469736497782 0.310661141062076 1.9157210683893 0.885357533305433 0.753417397914464 -0.162243862552274 0 10
ID_969 ID_969 -0.64940714401983 -0.310019949248048 -0.378507001383805 1.12337380585937 1.6119585979788 1.80237337514153 -1.48219881376527 -0.256855247992138 -0.284405822221345 0.990712093177283 -0.435540987055075 1.85949230009107 0.511392736224024 -0.671558697779718 0 20
ID_970 ID_970 -0.320056831994846 -0.434051181946083 -0.874310039667122 1.00684125338433 -0.977014910668434 -0.997286737221189 1.05165058762938 0.149315447253788 -0.137998967931839 0.156950664382483 -1.58581924053091 -0.752109687387716 0.411687140198304 0.91396415604204 0 7
ID_971 ID_971 -0.357350460057321 -0.4250284170052 0.172616841477354 1.47297146328448 -0.438964258185654 -0.0879503259288086 -0.318470973056357 0.920311472483622 0.0927003102516032 0.177149403853423 -1.15913448798355 -0.319312830799891 0.42309409897929 0.802716668824875 0 20
ID_972 ID_972 0.466858452201712 -0.325401981244101 -0.256725309384919 -1.2072772436414 0.997385046611543 -0.657997680691473 -0.145217055127017 0.674445755362563 -0.562910885374465 0.339031068975764 0.00174731230974016 0.302062809343437 0.566026181180085 0.31441620754148 0 10
ID_973 ID_973 -0.904016728199442 -0.145584644042227 0.861772953934455 0.0745808335840246 -0.151744588518424 1.9769726795029 0.119796206964129 -0.881185052862551 -0.528645659176547 0.650724801961707 -0.173719838578659 0.386010152544878 0.386026444405857 -0.00454795825376094 0 20
ID_974 ID_974 0.0085918950224947 -0.458114116710489 -0.113630726258427 -0.158484271366052 -0.703409629012953 -0.228085112611462 -2.15994877275213 0.457714520548141 -0.789918822759205 0.522225759970446 0.696449503713428 0.306548866954135 -0.346962720007656 -1.29504558537741 0 10
ID_975 ID_975 -1.79038168722927 0.893136514641351 0.122957330637981 0.0745808335840246 -1.56826833289298 0.0184204710652053 -0.472081825305645 0.0265135711711904 -0.0193793044864731 -1.06036555066881 -0.306372652526968 -1.08637717217315 0.0666364497482558 0.11262768989908 0 10
ID_976 ID_976 1.28043396668867 0.387281338301008 -0.554218812651468 0.424178491009139 1.14563757597451 0.56778035862076 1.10724327576978 -1.72541520531092 -0.606129798125429 -0.976217926879842 -0.522010436631285 -0.779096274037456 -0.343937329045446 -0.516261351493644 1 20
ID_977 ID_977 -0.333891211364289 -0.430853746501046 -0.398502209055843 -1.44034234859147 0.0330221059267471 1.08537568012604 0.943527830007893 -0.661267462021672 0.0635362927477239 -0.17587099299438 1.1064613533338 -0.320464782962972 -1.16345002886362 -1.60331686381436 0 10
ID_978 ID_978 -1.01539334816262 -0.054860137555654 -1.00876850352526 -1.2072772436414 0.837149346233626 0.620261580544404 0.21852507956517 0.175992764594659 -0.757317051870725 -0.654208770276969 0.940817635669623 -1.02949133933937 -0.293903713205399 1.41364934658793 0 20
ID_979 ID_979 0.727102640973949 -0.163823857901065 -0.35275924765643 0.540711043484178 0.394148453372047 0.260664509468873 0.821907113294688 -0.633817513861606 -0.0524498377322117 0.253499780967238 0.699139188996931 -0.0813199821805794 -0.15221111515902 -0.135206318172595 0 10
ID_980 ID_980 -0.692203829485997 -0.286559873604717 -0.63416679250555 1.00684125338433 -0.330990240820581 -0.613163889326225 0.411519881117568 -0.115827906207999 -0.925410675771719 0.725112306578005 0.316946969228933 -1.3166505364801 1.12948540203262 0.618851693348523 1 10
ID_981 ID_981 -0.929909599887732 -0.125513497490901 -0.448902688708181 1.23990635833441 1.85169730521611 -1.2849629346483 -0.141573336750014 -0.0249476206017102 -1.031393287336 0.279387142522162 1.49998380682042 -0.0802893127858877 -0.561183333124841 0.386631201009958 0 20
ID_982 ID_982 -0.587382644437971 -0.341022671745075 1.58570276928494 1.12337380585937 -0.50659702443757 0.984361003389524 0.422359331927008 0.501804217423745 -0.0354751063994129 0.930897346250594 -0.0507644673333956 0.438436151069229 0.847718304983641 1.34218060955544 0 20
ID_983 ID_983 -1.2643902522811 0.189337907324238 0.143500052211225 -1.44034234859147 -0.27640721054306 -0.399495555184652 1.09851669252929 0.468720364706544 0.332631439873007 -1.7548270821558 -0.928282942110929 -0.787778059851897 -0.0280817495845425 1.1827460314078 0 13
ID_984 ID_984 -0.761441499927675 -0.245029082055921 0.0195611554415888 0.0745808335840246 0.294079564529924 -0.336900460404199 1.08600516625658 -1.10551990342124 -0.421858989957804 0.150898704026359 -0.042058380757845 0.142140334318933 0.802630718245807 0.556395902970625 0 19
ID_985 ID_985 -0.59424502279397 -0.337767067175108 -0.40388244565836 1.12337380585937 -0.54085258137036 0.98663771935729 -0.737645313326206 1.3212007552586 -0.296642472922273 0.0705989845432224 -1.05412141479975 0.794217513183291 0.763935703227687 0.0930362991475013 1 7
ID_986 ID_986 -0.579029397940732 -0.344926963775185 0.592989984619339 0.424178491009139 -1.14854365179342 0.216458274428074 0.311965669622407 -0.0809112936033784 0.103611079646203 0.584039235145192 1.38590549805147 -1.2820404615316 -1.68985041552453 1.04754319436169 0 10
ID_987 ID_987 1.2358613941719 0.332432815507951 -0.0820975756416432 0.540711043484178 1.88215714567558 0.0707995326569615 0.322994642696423 -0.617439066899513 -0.0882857433563591 0.716756997323936 -0.638878048657194 0.420548581688118 0.520621060696946 -1.0361922027567 1 20
ID_988 ID_988 0.616997643837118 -0.239806667895131 0.134331019412364 -1.44034234859147 -0.790428781880679 -0.62553258665111 0.664171400661232 -0.63415209948245 -1.40053225014734 -3.37111850787108 -0.397336969926857 -0.0697400533021925 -0.481588207635094 -0.0531195655863886 1 20
ID_989 ID_989 0.171710409299281 -0.433072893164864 0.374404184794581 0.540711043484178 0.756404104892052 -0.377020282169521 -0.668115096712691 1.62323971734601 2.44745330293763 1.01798085115216 -0.296180160926324 2.34579873947372 0.0778811135038635 -0.412076093152497 1 7
ID_990 ID_990 -0.319333322455715 -0.434213545011876 -0.407306232587234 -0.158484271366052 0.0898010052384213 0.340415242839771 0.0858289262550214 -1.77943635842468 -1.38452108588224 0.140252304250598 -1.73811414975103 0.613467789877605 0.420900029003052 0.194013259419796 0 13
ID_991 ID_991 0.422768219377704 -0.346589777566359 -0.124157593532278 -1.44034234859147 -0.901602494124089 -0.326151734056379 -0.112038431583402 -0.185398503258957 -0.0484914000486978 -1.20760090784402 0.819257492788478 -1.04663482254685 0.549353454456127 0.208560509446622 0 13
ID_992 ID_992 -0.898974085957014 -0.149421580512257 -0.868893302137858 1.47297146328448 -0.230607656402152 1.37724045116051 -0.41539632733321 -0.144164887604695 -1.15973976969447 -1.15083849660434 -1.04272302141508 -0.926134070463251 0.106174913777342 -0.521279580536592 0 10
ID_993 ID_993 -0.0061852392009675 -0.459170611976735 0.184154784422099 1.12337380585937 0.851202908052206 -0.140672354349042 -0.73015001344331 -0.297486675849121 0.00228956100720331 2.09977029710632 0.111130993002954 -0.189731324103908 -0.494701910297094 0.029154070686225 0 13
ID_994 ID_994 -0.617594648829558 -0.326364442173016 1.69570561222255 -1.55687490106651 1.23911885771417 -0.687682554271198 1.58948328934468 -1.91250129195538 -0.16909028233582 1.81205394807132 -0.64706507316049 -0.679709962211307 -0.523562199592578 -0.614052038626621 1 20
ID_995 ID_995 -1.23582258775117 0.15841746880905 0.944126344861168 -1.78994000601659 -0.174958061165186 -0.160214166405705 -0.339599648745824 -0.398377106660682 -0.178398795950959 -1.30270139081507 0.985163363014403 1.19934410419532 -0.679636650696267 -1.33475523774394 0 20
ID_996 ID_996 0.260899403395781 -0.409005781537846 0.378513824137032 -0.27501682384109 -0.410543438972186 -2.5399471534137 0.311433784557308 -0.1307476394475 -0.414013731062024 -1.02020711006386 -0.512547777762538 -0.248725791324006 -2.01216701286803 1.40052507975358 1 20
ID_997 ID_997 -1.278290405245 0.204655015116347 -0.158855374498032 -0.741147033741243 -2.13812771681335 -1.77091044476831 -0.742939709491448 1.87159244354174 2.98727873143855 -1.2098380615102 -0.653854300204561 1.19454898624818 0.604141256093933 -0.0550458097814947 1 19
ID_998 ID_998 -1.79623553713678 0.90240464345237 0.637178554053229 -0.741147033741243 1.70153123283767 -1.24895871482471 0.259137866777302 -0.345055864220781 -1.17929269399219 0.781476320589464 0.500133936325086 -0.00343303121271429 -0.655431317903134 0.0511409964206983 0 20
ID_999 ID_999 -1.0117100268725 -0.0580433630655612 -1.12930916401475 0.307645938534101 0.610347444563238 1.51931628414902 -0.475609384875328 -0.206083123533523 0.242998152529884 1.65964555611732 0.277490911465821 -0.147569406661904 0.186165412881902 -0.116559840084181 0 13
ID_1000 ID_1000 0.360568323543935 -0.373432104939185 -0.423932404720519 1.23990635833441 0.333228772453112 1.71160392025996 0.200948417931138 -0.554598979607011 -1.34392105727304 -0.140395865036907 0.973413685196993 -0.776094642588127 0.35325872596676 -0.903576215277475 0 10
