ID_801 ID_801 -0.524892946246053 -0.449460584855785 -0.713423838597979 1.48136165522131 -0.996255665418428 0.114817685851682 -0.00346457154050811 -0.388698341306119 -0.772998266461375 2.17235011947884 0.297183925594863 -0.467382837313273 0.715181154390192 0.590093762410102 0 7
ID_802 ID_802 -0.856055688357127 0.0201876508295853 1.60665749253062 0.395230910048863 0.0267719374516189 0.167458143755652 0.533868884337699 1.58187590192782 1.41010150511623 -0.569170792512258 -0.740716135664103 0.499704003080144 1.10725889851241 -0.140522704200359 1 19
ID_803 ID_803 0.137432537976095 -0.844860455580923 0.480032276649363 0.636593297864963 0.86951606191094 2.04046667782524 -0.693365818178609 0.00931736928519008 -0.660085645425472 -0.00471794717854411 -0.41012162256777 -0.281984717611928 -0.385754908470223 0.729913873814429 0 7
ID_804 ID_804 -0.524892946246053 -0.449460584855785 -0.238632815614097 1.23999926740521 1.50104915042067 0.21165165959517 -0.348460870374418 -0.171542519343363 -0.104209727888739 -0.815440139289576 0.376751797148239 -1.5353940975919 -1.90752401575837 1.17277434773183 0 10
ID_805 ID_805 0.46859528008717 -0.770612090620692 -0.518519743230211 1.23999926740521 0.268655983141408 1.36553778542885 1.73886143813821 0.50550408369035 -0.922027699114515 -1.18211820174876 -2.24071919388052 -0.530225899468111 0.407656170356402 0.596225157230692 1 15
ID_806 ID_806 1.13092076430932 -0.0782187600546253 2.07403353598975 0.515912103956913 0.476939719406254 1.30726820203509 -0.322090873129086 1.09284779936928 0.395479030270636 -0.865146524015828 -0.773910647616483 0.537177734776018 0.853762672109251 0.390660016914224 1 7
ID_807 ID_807 -0.193730204134979 -0.737809953659288 -0.91020235258167 1.11931807349716 -1.91122772775144 0.906936510988172 -1.12881181657087 0.252736908248976 -0.645735874670106 0.473288483684555 0.850527348459168 -1.10832923424614 -1.21011364485132 -0.416060474659523 1 20
ID_808 ID_808 0.137432537976095 -0.844860455580923 -0.523382993210596 -0.811581029031636 0.541213038571392 -0.606335112156263 0.0975392169846271 1.39512035169393 1.99992169384806 0.668876748079616 0.991449860743968 1.64788698972104 0.953976780443938 -1.02237754199704 1 10
ID_809 ID_809 1.13092076430932 -0.0782187600546253 -0.242354087866295 1.11931807349716 -1.59056113837211 0.286971310946454 -1.41612298517204 -1.46086499309716 -0.921260395310394 -0.229234598857839 0.191487471316653 -1.19890702820852 1.387276396979 1.33585054257461 1 15
ID_810 ID_810 0.46859528008717 -0.770612090620692 -0.890150798816388 1.48136165522131 -1.41460497253884 0.219304667197477 0.369625213966085 2.07332028663627 1.47916479557863 -0.866833869466224 2.47100523121559 -0.625573180393824 -4.58126920730905 3.62249616823128 0 20
ID_811 ID_811 0.137432537976095 -0.844860455580923 -1.4187722891945 1.23999926740521 -0.190675519565484 0.847332857391627 0.797135243903293 -0.378477467812001 -0.283279996686947 -0.268163064519686 -0.777188907296044 0.143263702427784 -0.439160916259284 0.00844002815928041 1 10
ID_812 ID_812 -0.856055688357127 0.0201876508295853 -0.367373084123208 0.515912103956913 -0.615833980300418 -0.0705660110589833 -0.73291472397796 -0.765206333464469 -0.753684813345241 -0.769523890366676 0.084333471099129 0.0957628957180317 -0.558381627565412 -0.014836988455317 1 13
ID_813 ID_813 0.137432537976095 -0.844860455580923 1.32207270481199 -0.570218641215536 -0.148166037186958 0.440923012347641 -0.247645873977367 -1.47310013687423 -0.987504290399519 0.699817806130251 -0.488925074647539 0.0170908923089241 -0.619369441046491 0.0453629996563391 1 10
ID_814 ID_814 0.46859528008717 -0.770612090620692 -0.486823954491648 1.36068046131326 1.24745590599188 -0.882077661582273 2.01163561287688 0.395815568555933 -0.497772637419204 2.26145346388782 1.28127117141124 0.712911864324658 0.106068608325153 0.447919231408736 0 7
ID_815 ID_815 -1.1872184304682 0.671134753396823 -0.180124177388532 -1.05294341684774 -1.50306033257799 0.22134807228857 -0.65602760729844 2.45192797116851 1.99565393819336 0.625393727993708 -1.24189196634508 -0.235514063475134 0.0977733026287738 0.662824169694571 0 15
ID_816 ID_816 -1.1872184304682 0.671134753396823 -0.825251023167207 0.515912103956913 -0.161529796617333 -0.678563625232807 -1.19069909417066 0.682450798364091 0.0479256494459276 1.4131597130813 -1.78297542921816 -0.443294805231402 -0.231288639680695 0.868977689822383 0 10
ID_817 ID_817 0.137432537976095 -0.844860455580923 -0.37317748126579 -0.449537447307486 -0.178711773027816 0.718949750267197 0.351738682347253 0.590896096432177 1.57966672368974 -1.20644409865863 -0.211363114629543 -0.961050684781995 0.986445429247162 -0.726598515640802 1 20
ID_818 ID_818 -0.524892946246053 -0.449460584855785 -0.655179036606169 0.877955685681063 -0.113038440969972 0.861233218138675 0.332780298646394 0.557997228543228 1.99065754132931 -0.512369887142296 1.19814474288228 0.517658220177125 0.484284496587185 -0.742044048408382 1 10
ID_819 ID_819 0.799758022198244 -0.515064858778592 -0.965600085961482 0.274549716140813 1.34367497389058 -0.611261410417273 -1.35447931031817 -0.600622762023316 -0.533950416974365 -0.78524049060351 2.50676751013631 -1.19598212027849 1.04687762948669 -0.710338164618798 0 20
ID_820 ID_820 -0.856055688357127 0.0201876508295853 -0.653273115156366 -1.77703058029603 1.13997309800186 1.48492730708866 1.0511019468422 -1.68452649600249 0.286763531302818 -0.243368034442918 0.0349651958243321 0.592104675146018 -0.479792449602984 0.752940367578978 1 20
ID_821 ID_821 0.46859528008717 -0.770612090620692 2.0275314153271 -1.77703058029603 -0.114374816913009 -0.792330529062352 -0.495097543278139 -0.205288589894832 -0.609818324118281 -0.371713026055679 -0.220784150485621 0.252157250977672 0.739433672383959 0.421084250112455 0 13
ID_822 ID_822 -0.524892946246053 -0.449460584855785 0.533682390319624 -0.932262222939685 -1.15992989996569 0.332316682522033 -0.163791718764669 0.912288358548855 -0.266607496198951 -1.20987631269978 -0.108072342361539 -0.025635407918081 -0.302967840962348 1.6982195778781 0 13
ID_823 ID_823 -0.856055688357127 0.0201876508295853 0.387560827002072 -0.449537447307486 -1.74029888094198 0.722418332794434 0.497914946061194 -0.261193605351918 -0.112874610188378 -0.35574715887731 -0.77221180226581 0.77256583331707 -0.700850122920166 -0.707866699305653 0 10
ID_824 ID_824 2.78673447486469 4.82549473679322 0.296604269879034 -0.0874938655833363 -0.199266507770725 0.0685872725805984 -0.234686207894672 1.02337383902029 0.48675695548065 -0.828510675070107 1.57867878932954 0.0639007414137333 -0.972947817639464 -0.089709287326928 0 7
ID_825 ID_825 -1.1872184304682 0.671134753396823 -0.310943632933793 0.877955685681063 1.33330215109462 -0.824192030100532 0.239389095931112 -0.893025319779051 -0.627066302459368 -0.338637220351892 -1.37623967901232 0.0190859625728143 0.146035026317611 0.273598994830729 1 20
ID_826 ID_826 -0.856055688357127 0.0201876508295853 -0.986955069478593 -1.89771177420408 1.75830788315035 -0.0944816598161953 1.07732176299467 1.63876046413199 -0.681311409960405 0.937422889678186 0.475093494115611 -0.0585892133433635 1.6285838578956 0.893003573932139 1 10
ID_827 ID_827 -0.856055688357127 0.0201876508295853 0.117030241048627 0.395230910048863 -0.0256012721255178 -1.02430256051802 -0.117708169306141 0.227828815768649 -0.84040947450832 0.975915457765347 -0.372829407884328 1.31574482389179 0.456008412702508 0.0802097602200234 0 7
ID_828 ID_828 0.46859528008717 -0.770612090620692 -1.03549306078081 -0.0874938655833363 0.0844270138512372 -1.7596290409731 -0.534475927155348 0.892714133718951 -0.149825641639165 -1.03085790845681 -0.431450723440175 0.693829198877896 0.226023886637716 -0.519207011977261 0 20
ID_829 ID_829 1.13092076430932 -0.0782187600546253 -0.0697894395744195 -1.53566819247993 -0.50548750957532 -0.467162305538104 -0.211062831609535 1.2521419520571 1.52112709412223 -0.0364502679820537 -0.547209850645575 0.702995482923151 1.20930884559939 -1.35713729357464 0 13
ID_830 ID_830 -0.193730204134979 -0.737809953659288 -0.438077256914971 0.0331873283247135 0.261019549181194 2.70888140303633 -0.790618124416649 0.390114078448401 -1.28410736030999 0.871675218545101 -0.125742040165987 -1.195651888738 0.882501767028555 1.08663320243669 1 20
ID_831 ID_831 -0.856055688357127 0.0201876508295853 -0.916002811870017 -0.0874938655833363 -0.654907067396847 -0.633628236207351 0.569754004838483 -0.714767863944599 -0.500235147302198 -0.479958793282604 -0.292800447278996 0.473132629813804 0.522205100323143 0.146074535903257 0 15
ID_832 ID_832 -1.1872184304682 0.671134753396823 -0.773574562039593 0.757274491773013 -0.276012669070879 1.57184360771487 1.36693911879142 0.656453206601786 -0.483506139944906 -0.911989534644438 -0.637142628732286 0.507001176606238 0.536421854141367 0.12324026721862 1 19
ID_833 ID_833 -1.1872184304682 0.671134753396823 0.0378203031089833 -0.690899835123586 1.01206282916827 -0.59547382840775 -0.513623532104998 -2.16279662865707 -0.395770303226008 -0.467099175683373 0.410101081955379 0.314289371801774 -0.700488974313157 -0.286954097861306 0 20
ID_834 ID_834 1.46208350642039 0.539926205551207 -0.128750931037024 -0.690899835123586 -0.90652756638591 -1.66979080121982 2.04763400865451 -0.956303170714582 -0.325740447894069 -0.675364901066543 0.379371967524097 -0.64857616598552 -0.523162693216503 0.140715642808962 0 20
ID_835 ID_835 0.137432537976095 -0.844860455580923 1.12248531940238 1.23999926740521 0.867797864269891 0.733240570585793 0.821962017753252 -0.39709467112538 -0.523231956082689 -1.37038504866871 0.407602779969096 0.0739893149756371 1.23216075521341 -0.349365124567773 0 10
ID_836 ID_836 0.799758022198244 -0.515064858778592 -0.0313835472191947 0.395230910048863 -0.44668696808167 1.32562630955729 1.69201541208497 0.42172292571513 -0.402140709227665 -0.792041004085409 -2.3084231777088 0.706703511363486 -1.11127699434465 1.59772232532682 0 13
ID_837 ID_837 1.13092076430932 -0.0782187600546253 -0.774696850496605 -1.29430580466383 -0.709380296313043 0.75088283556016 -0.473325547861958 -1.018381235631 -0.98040226914277 -1.68547763715006 0.249460264237378 -1.31209624750745 -0.407539577649427 0.549150270564829 0 20
ID_838 ID_838 -1.1872184304682 0.671134753396823 -0.196419018213501 -1.05294341684774 -0.925300466538104 -0.211287640644276 1.18789414557799 0.614517510312621 -0.841612476015169 -1.56189236582863 -0.144727307235895 -0.781914226847643 -0.712066565234007 1.67144762119819 0 10
ID_839 ID_839 -0.193730204134979 -0.737809953659288 0.563015072731685 -1.53566819247993 0.612104600502048 0.218705962521106 0.491180548150365 0.131304526621083 -0.414844345659074 0.51472751484987 -0.184562427736204 -0.503165783521849 0.253526742094565 0.610248134371762 0 10
ID_840 ID_840 -0.524892946246053 -0.449460584855785 0.899093605141413 1.48136165522131 0.892298089892246 2.77240266766739 0.551553834684286 -0.599093452601741 -0.414982638786561 -1.39581027670536 0.690276509587806 0.461518386534847 0.338968483369474 1.43837808812448 1 10
ID_841 ID_841 2.45557173275362 3.48215430365991 1.17394441097622 -0.690899835123586 -0.877572754286763 1.54104936283892 1.23236443585169 0.0574592010548278 -0.686747965595806 -2.83925761199875 -1.65160130525654 -0.296678605885606 0.267410127967858 0.944026502637398 0 19
ID_842 ID_842 0.46859528008717 -0.770612090620692 -1.42932573854465 0.877955685681063 0.387657079021415 0.915233776883531 -0.523830487158849 -0.209473470265672 -0.321547043383174 0.109997255900241 0.229913793233478 1.24106531980718 -0.591019275396275 -0.989672267862253 1 20
ID_843 ID_843 -1.1872184304682 0.671134753396823 -0.412280373820633 0.515912103956913 -0.16248435086236 -0.774831432597551 0.782245026059219 0.711305819224837 -1.18741072373909 -1.35856084759586 -0.935536771264196 0.0816893709811266 -0.445034211233529 0.523130107522973 0 13
ID_844 ID_844 2.78673447486469 4.82549473679322 2.79658647173955 -1.17362461075579 -1.67551646617949 -0.0749521735793537 1.98188562753197 2.33949899771746 0.657343758770116 0.411478015850328 -0.973446371209224 0.504105517755503 1.94196130140708 -0.443482035063824 1 20
ID_845 ID_845 1.46208350642039 0.539926205551207 -0.53604319457654 -1.41498699857188 -0.221093981507005 -1.28532478409673 -1.24046713516116 0.704404543098194 -1.36565718186388 0.34032035728151 -1.2453834957064 -0.416602661573113 -0.0536906405583702 -2.09884249125858 0 13
ID_846 ID_846 -0.193730204134979 -0.737809953659288 1.14016234706388 -0.328856253399436 -0.128184034991063 0.185718636384968 0.971261268669827 0.700958918068378 0.0423271570193081 -0.769421627006046 -0.306519842169572 -0.17502224988857 -0.296633155492098 -0.573673785791001 1 20
ID_847 ID_847 0.46859528008717 -0.770612090620692 0.0394308854911516 -0.449537447307486 -0.567151713804051 0.854465252231873 -1.89764035288553 1.33941886539719 0.882697614590166 -0.464536200207582 1.78638517910132 -0.406657974610993 0.278767788647261 0.861126623326709 1 7
ID_848 ID_848 1.46208350642039 0.539926205551207 -0.803120282365775 0.757274491773013 -1.4844783432748 -0.0718089740284058 -1.68336737757843 -0.542816470058507 -1.09447774206786 0.00310136503363232 0.296739105972915 -0.102327909121636 -0.0259228733380595 -0.0803558490298768 1 13
ID_849 ID_849 -0.856055688357127 0.0201876508295853 -0.535688787695378 0.0331873283247135 0.370856924308944 0.0206388371947106 -0.81549605484325 -0.641764393805124 -1.55925269011685 0.346855791349737 1.81653541868213 -0.288249681694326 0.461541394566302 -0.307490218927801 1 20
ID_850 ID_850 -0.524892946246053 -0.449460584855785 0.557211069374527 -0.208175059491386 0.993480839865085 0.647157250378881 -0.396541962349452 -0.417428604473012 -0.901478529988256 -2.15967284039168 0.69702192495077 -0.92566873401544 -0.137124928040998 0.37915082161443 1 20
ID_851 ID_851 -0.524892946246053 -0.449460584855785 -0.136622701653049 -1.65634938638798 -0.115329371158036 -0.414678031462753 -0.414050909712115 0.274647206692693 -0.165445329930809 0.0742811380541861 -0.291286232538529 0.0903277563209452 1.49169927561845 -1.55064987636309 0 20
ID_852 ID_852 -0.856055688357127 0.0201876508295853 -0.930249968492718 0.515912103956913 -0.387250057091334 -0.0500473605742243 -0.00530377227216872 -1.8271272471152 -0.960557948859831 1.04060789884593 0.349892004085957 0.031158284174363 -0.00925355006941527 -1.39604599066301 1 10
ID_853 ID_853 0.799758022198244 -0.515064858778592 -1.06905539242682 0.274549716140813 2.29898013492346 -1.99097373405048 0.00254632621495205 0.248271966406266 -1.33801342659526 -0.0271890423849933 -1.4742340510694 -2.57170784757713 0.883427789097809 1.13949735029145 0 20
ID_854 ID_854 -0.193730204134979 -0.737809953659288 -0.815756856606308 0.395230910048863 -0.371722641372232 -0.108713911199059 -0.127446189074105 0.861182152965981 0.420160635969865 -0.712409803454784 0.284997086637385 0.507298856752021 0.598856577105657 0.586348299494735 0 10
ID_855 ID_855 -0.856055688357127 0.0201876508295853 -1.21700057604066 -0.328856253399436 -0.791471961385347 -0.580141782565031 -1.61165681924961 0.269670935432367 0.58824477975868 -0.343418032461347 0.564660667033598 0.104687167220044 -0.0760919709840426 0.565838288626448 0 10
ID_856 ID_856 -0.856055688357127 0.0201876508295853 -0.328329259381892 0.877955685681063 -0.355622493106114 1.49484498020594 0.962902040443743 0.316024785251518 0.338476982357117 1.95701543929211 0.0657771807605246 -1.59875137743121 -1.15601775062067 1.23625814344399 1 13
ID_857 ID_857 0.137432537976095 -0.844860455580923 1.61823872183614 0.757274491773013 1.73730768975976 0.902036243365266 0.717105651801466 0.291654758367506 -1.03653440867371 0.380279254130906 1.79463566907554 -0.573316397908339 -0.455137112009092 -0.00319580160182282 1 20
ID_858 ID_858 -1.1872184304682 0.671134753396823 -0.875903642193687 -1.05294341684774 0.545985809796526 -0.792467189912393 -1.27048508352657 0.534593046114712 0.589865634693742 -0.727020681104805 -0.930229402898214 0.0359928739271051 -0.254054660747791 0.876608170160782 0 20
ID_859 ID_859 -1.1872184304682 0.671134753396823 0.178897868936758 0.153868522232763 0.506276353203411 -1.03202715237511 0.49368417537151 -0.193883604466365 -0.662441089661379 0.205137973462423 1.25653188832756 -0.115882026821288 -0.180294456371006 -0.0972180401205775 0 20
ID_860 ID_860 1.79324624853147 1.33937003803891 -0.582572880218838 -1.41498699857188 -0.773271793780169 0.0832490294921628 -0.715460587233128 0.741226945211201 -0.013696132437093 0.25204553783743 -0.66169484383797 0.0240616083692791 -0.60897947342946 0.157589133313025 1 13
ID_861 ID_861 0.46859528008717 -0.770612090620692 0.542867435323065 0.153868522232763 1.22537388445693 -0.396450077131066 0.189694135764389 0.487998570687271 0.475556699177084 -2.03553790350686 -0.0420732973034194 -2.13792984877259 -1.01917946944698 0.43706099036082 1 7
ID_862 ID_862 2.45557173275362 3.48215430365991 -0.693226584225997 0.0331873283247135 -1.43433242693606 -1.06851559933611 0.599089865515334 -0.265599059197023 -0.15860205065452 -0.171715932525454 -0.535060181546917 1.35503294202297 0.188415815350131 0.0684002976408364 0 20
ID_863 ID_863 0.46859528008717 -0.770612090620692 -0.227024021328933 1.11931807349716 -0.130347691279791 -1.35610208909903 -0.840867280830329 0.00346214615013939 -0.0227149261812687 1.89459644054754 -1.53377285279616 -0.13357630451997 -0.819443454274374 -0.0868382909636159 1 15
ID_864 ID_864 1.13092076430932 -0.0782187600546253 -0.38270315066057 0.998636879589113 -0.1271022068467 -2.0443215745449 -0.181166684617079 -0.498184095945329 -0.347100044487859 -0.672284217327562 0.114661029186762 1.57826474579933 -0.211990802768473 -0.317946452958479 0 7
ID_865 ID_865 -0.524892946246053 -0.449460584855785 0.262088977508118 -1.41498699857188 -1.60596128019187 -0.414235510615001 -1.76819594377479 -0.63129450622665 -0.594475222081611 0.485602909742427 -0.694658415192105 -0.371667584099587 -0.392577376065453 -0.901797945617092 1 10
ID_866 ID_866 1.79324624853147 1.33937003803891 -0.944497125115419 -1.29430580466383 -0.365868042002734 -1.24397511546998 0.57097080055433 1.05653004262921 1.08108728459601 1.00429162290218 -0.199176885014012 -0.768780446723098 -4.25517053562119 0.560728792942624 1 20
ID_867 ID_867 -0.856055688357127 0.0201876508295853 0.479686533047519 -1.41498699857188 0.2089645243524 -0.66847675296786 0.689403756542841 -0.252640367583919 0.745744294714676 -0.502360860720628 -0.207760075691764 -0.641513928612516 0.183419926286505 -0.598856621786874 1 10
ID_868 ID_868 1.13092076430932 -0.0782187600546253 0.180957366701731 0.395230910048863 -0.225612204933465 1.00517613918923 -1.04278350685088 -0.913535310863416 -0.140174863172603 0.0197114913839709 2.12361938673266 0.842169206865038 -0.0967147139718503 -1.94598078602514 0 10
ID_869 ID_869 -0.856055688357127 0.0201876508295853 0.074166697699235 -0.0874938655833363 -0.119020314238806 0.849695137799482 -0.208188319207735 2.09003708236773 2.60158601978886 0.362276045150384 1.14028772493165 0.895213827454257 1.05073451140513 -2.71376466960899 0 20
ID_870 ID_870 -1.1872184304682 0.671134753396823 -0.0760900063506278 -1.29430580466383 1.15212775538854 -0.803875117061072 0.0976305680143454 -0.624747150265532 -0.310021129069719 -0.440638531120344 0.286849486158921 0.412005828150816 1.43124160977202 0.0681297419663008 0 13
ID_871 ID_871 -1.1872184304682 0.671134753396823 -1.06690532401444 0.274549716140813 -0.824563175212942 0.702101419754973 -0.0380196210485948 -1.69444227627743 -0.868830942741202 -1.78315832093189 1.59698342144367 -0.476671778787852 -0.205671396662365 -1.59963350855313 1 10
ID_872 ID_872 -0.193730204134979 -0.737809953659288 -0.294589724295297 -0.0874938655833363 0.02263553572317 0.318494413689294 0.947499038819518 -0.926672800671569 -0.491668408512388 -0.0223136366669549 -0.609678977799661 -0.711711718933362 -0.346665201871832 -1.16438550794087 0 13
ID_873 ID_873 -0.856055688357127 0.0201876508295853 -1.13099783954542 -1.05294341684774 -0.658979832175629 0.447860177402115 -0.0559426930793138 1.08327624739509 -0.959524467960869 -1.6755836570091 0.129695323066655 -1.12158095420657 0.0078753116510964 1.17263029146586 0 10
ID_874 ID_874 -0.193730204134979 -0.737809953659288 0.218185840640652 0.998636879589113 -0.563397133773613 -1.27469126843162 -1.6811505925906 0.0143203767242146 -0.446900097801398 -0.51407640697281 0.499826683779813 -1.33692965935214 -0.687404282474595 -0.768082218483485 1 7
ID_875 ID_875 0.137432537976095 -0.844860455580923 -1.21700057604066 -1.77703058029603 0.540894853823049 -1.1455272421641 -0.434318658172269 0.298756555834391 -0.421757515010545 0.865819362857022 -0.895324468098152 0.952112721880314 0.533900759057823 0.896316868049579 0 13
ID_876 ID_876 0.137432537976095 -0.844860455580923 -0.894899851023955 1.11931807349716 -0.0938200821700985 2.07444967586882 1.3720572124831 -1.51327792941394 -0.557011167738533 0.265542384002587 1.06091484280159 -1.08815208712233 -0.504262582783025 1.43415543882807 0 15
ID_877 ID_877 0.46859528008717 -0.770612090620692 -0.936152811991178 -1.65634938638798 1.07907253716915 -0.736201965652569 -1.35559988294938 0.941975542971603 1.05720272315843 1.03428035340695 0.760935801863265 1.40057187145625 0.528985896925256 -0.631039691957502 0 20
ID_878 ID_878 -1.1872184304682 0.671134753396823 -0.00183388903877777 0.636593297864963 -1.03462874606851 -0.585328387207072 -2.09223022632268 -0.681030482651207 -0.598212110569511 0.959026663757292 -0.108084529200497 1.48735672029646 -0.642283857150186 -1.11647329422903 0 19
ID_879 ID_879 -0.524892946246053 -0.449460584855785 -0.14210419474835 -0.208175059491386 -0.588215544144309 -0.84340264102061 -0.447308774598202 0.282888633776617 1.40741742882468 0.507782554371081 -0.439946778219381 -0.880672327827252 0.299735243350348 0.476703474054 0 7
ID_880 ID_880 1.13092076430932 -0.0782187600546253 -0.996449236039492 -1.29430580466383 0.361184107959339 1.32181932873471 0.352061455985591 -0.675304929982846 -0.627475233750324 -0.951066921325202 -0.393301591175438 -0.448144491283138 0.408174742715185 0.440446312611248 1 10
ID_881 ID_881 -1.1872184304682 0.671134753396823 0.245116825754707 1.48136165522131 -1.5306787687341 0.0912729736874396 0.305393259936865 -0.643356533246641 -0.383438422513651 0.58007827631451 -0.201325424722216 0.970917049314379 -0.508600996177481 -0.554649355165589 0 20
ID_882 ID_882 1.79324624853147 1.33937003803891 -0.475892471134926 0.998636879589113 1.48625355962275 -0.607304753425604 1.39780724074007 0.107225255680421 0.556052221511745 0.291746347530436 0.681185127725527 0.371576052408232 0.946860300841719 0.173136855994281 1 10
ID_883 ID_883 0.46859528008717 -0.770612090620692 -0.744024903859176 -1.41498699857188 -0.158284312184241 0.689554652189285 -0.164705229061852 0.210373433100629 0.945350349433258 0.309897582725469 0.306488577138898 -0.381206558026251 0.449158164445201 0.288133821891843 0 20
ID_884 ID_884 2.45557173275362 3.48215430365991 -0.166983557805903 -0.570218641215536 -0.431541374060578 -0.976425709386915 1.27764470525557 0.173741526260852 -0.562159240935951 -1.68986857019712 0.116350125066268 -1.32797566701148 0.563176946777293 -0.0880015002937864 1 19
ID_885 ID_885 0.799758022198244 -0.515064858778592 -0.493506493128664 -0.0874938655833363 -0.727135005270541 -0.665157846609716 0.722900352119926 -0.307433158007132 -0.113201755221143 0.0725055904552466 -0.775192093732862 1.15138386859755 0.912977153327709 2.34329003164223 0 13
ID_886 ID_886 -1.1872184304682 0.671134753396823 0.0674250912486921 0.998636879589113 1.26641971699308 -0.995779488816561 0.462961606063535 0.099692337332017 0.166781288264592 1.27381310130276 -1.32574960521149 0.710270012000755 -0.492316898089647 -0.483262272561344 0 7
ID_887 ID_887 0.46859528008717 -0.770612090620692 -0.768333278052635 0.515912103956913 -2.62249791419574 1.17785037704606 0.923624751706088 -0.0885360421459422 0.427281988524005 -1.04682377563518 0.612530570458573 -0.0906537524060466 -0.00421807356232841 -0.0414640335351787 0 10
ID_888 ID_888 -0.193730204134979 -0.737809953659288 -0.965600085961482 -0.570218641215536 2.93438234997303 1.23954298935038 1.69907501966159 -0.453346521660636 0.877988213141228 -0.682344375429545 -0.61775275860899 0.0739478001534043 0.462458156414864 0.0254877367100079 0 20
ID_889 ID_889 1.79324624853147 1.33937003803891 0.997861683710678 -0.690899835123586 1.02440839740395 0.634356684091687 0.331294321896311 -2.1478410786974 -0.132451266353601 0.388986531886353 0.494714304837151 -0.214223092541195 -0.847411635821023 0.558288839937661 1 20
ID_890 ID_890 0.46859528008717 -0.770612090620692 -0.219908318726053 0.515912103956913 -0.760671677745816 1.00907422724516 -0.140497206186518 0.00197828823235258 0.176292601829641 1.19208550177922 1.98220330747009 0.686172544732013 -0.91739806876008 -0.0395511914109374 0 10
ID_891 ID_891 -0.524892946246053 -0.449460584855785 -0.608436706835173 -0.0874938655833363 -0.54252421428236 -0.247678472712393 0.189474893293065 0.141333935655494 -0.570746798046027 1.04331148644259 -0.72291603868281 -0.764072288474428 -0.3805691848824 0.0700384874904785 0 20
ID_892 ID_892 -0.856055688357127 0.0201876508295853 0.659316479408065 0.877955685681063 0.0383538622912774 0.9491126523747 -0.697464434378634 2.15225885424466 1.78904697977361 -0.0760530326780548 -1.09619221318895 2.62012638566475 0.853700165619577 -0.772552464487043 1 13
ID_893 ID_893 -1.1872184304682 0.671134753396823 -1.04105331096081 0.395230910048863 1.7730016548288 -1.58867282523107 0.720139724001841 -1.90738257152451 -0.61718652246987 0.323300538342648 0.923624008526123 -1.12872339066798 -0.558242724255024 -0.4124586178343 0 20
ID_894 ID_894 1.13092076430932 -0.0782187600546253 2.29466757092986 -0.570218641215536 2.33501137582574 0.511433503309381 0.479303696273264 -0.605070659552105 -0.900679998703734 0.373595065221723 -1.94740635385194 -0.178618943123826 -0.0569048863113032 -0.00131213087144153 0 20
ID_895 ID_895 -0.524892946246053 -0.449460584855785 0.771254081410045 1.36068046131326 -1.23973063484993 1.37244241218569 -0.298832900962821 -1.30978553131457 -1.00850700150302 -0.357754077329675 -0.168422787562868 -1.71691765780463 0.765329879550651 0.00677797899058607 1 20
ID_896 ID_896 0.799758022198244 -0.515064858778592 1.45046644214841 -1.77703058029603 1.37091158834868 0.228233176066837 1.37713206668738 0.821943468703064 0.652678968007465 0.242111291498223 -2.1893090137384 0.260529564047727 1.21439270675959 -1.55866750791629 1 13
ID_897 ID_897 -0.524892946246053 -0.449460584855785 0.0204661794947646 -0.0874938655833363 -0.870445415923897 0.00482522454708491 0.311355437143142 -0.201027177212467 0.386635705225852 -0.818412168207888 1.23171339079065 -1.28886681743085 -4.18750147291044 1.06813547753375 0 20
ID_898 ID_898 0.799758022198244 -0.515064858778592 -1.32780391850876 0.395230910048863 1.14360040413297 0.916281510067181 0.35145853918945 -0.21219020022371 -0.844100265287058 1.90744327522669 -0.873438124014417 -0.266663861170666 -0.409660168188019 0.341902823167264 1 19
ID_899 ID_899 -0.193730204134979 -0.737809953659288 3.18938349383956 0.274549716140813 -0.44585968773598 -1.33668323307413 0.60866771647786 1.12441654236796 2.69578891899637 -1.32354842950014 -1.21108973088005 0.584832504865132 1.55159438305781 -1.33661377743142 1 10
ID_900 ID_900 0.799758022198244 -0.515064858778592 1.15366761194869 1.48136165522131 -0.53883327120159 -0.148182866222866 0.846482461150222 3.14126352453892 3.08973101936027 -0.183533102992262 0.801889674179871 1.03780780663691 0.770587369848842 0.839896331128544 0 7
ID_901 ID_901 -0.524892946246053 -0.449460584855785 0.684348631209941 0.877955685681063 -0.193602819250233 0.371056779678954 0.741028659464078 0.23554220332327 -0.00134045935871599 -0.564984386186465 -0.211022492480681 -1.09169028219899 -0.327672489231428 0.60325690371363 1 15
ID_902 ID_902 1.79324624853147 1.33937003803891 1.19979839295697 0.395230910048863 -0.185584563592008 -0.220391856320831 -0.525712318371045 0.982932026715922 1.46098445389417 0.0850884578347723 1.08943204596209 1.65882237130462 0.564079818294816 0.0850829135924818 0 20
ID_903 ID_903 -0.193730204134979 -0.737809953659288 -0.0893723886857219 0.153868522232763 -0.137347755743321 -0.215478573378873 0.0862238694368611 -0.134780273632428 0.0678495254527435 1.10032970145389 -0.781965538825428 0.497956134712276 0.875382972371163 0.40157948187518 0 7
ID_904 ID_904 -1.1872184304682 0.671134753396823 -0.171976756976048 1.23999926740521 -0.299749251297212 0.712845565632023 -2.12228471509999 -1.30277731047313 -1.04475764517912 0.14321303457889 -0.0153950881416036 0.23386431067202 -0.051067150584518 -1.35452177199552 0 7
ID_905 ID_905 -1.1872184304682 0.671134753396823 -1.17584606142932 1.36068046131326 3.40817853133956 0.187579827009339 1.45492903962289 -3.20183471536392 -0.570818175144085 0.382492488913342 -0.862280463606898 1.54637853176851 0.389114893474761 -2.04424966821211 0 20
ID_906 ID_906 -0.524892946246053 -0.449460584855785 -0.946607814985449 0.998636879589113 0.299583540680277 -0.488221091763502 1.03295153254885 0.154030278515116 -1.20414121811926 -0.949079177252955 0.323891383170177 -0.83275101370903 0.517095773556033 1.53378835378349 1 19
ID_907 ID_907 -0.193730204134979 -0.737809953659288 0.201001044758543 -0.811581029031636 -1.05276527672401 -0.87771102204048 -0.35613435687075 -0.915370081126625 -0.56161499056326 -0.892968549567245 -0.126924163544862 0.800215648442774 -0.473604307125193 -0.941733043600536 1 20
ID_908 ID_908 -0.856055688357127 0.0201876508295853 0.864592882831167 -2.01839296811213 -0.281485446742366 1.94928135255012 0.0873018115875362 -0.53856742285879 0.517640933596526 -0.455690419513082 -0.10608893432121 -0.0522954719410087 1.11768822206738 1.2672842617285 0 20
ID_909 ID_909 0.46859528008717 -0.770612090620692 -0.319811680671306 1.48136165522131 0.475730617362554 0.139995820556894 -1.59512228287061 -1.23504788578424 -0.582275686405235 1.66020881798342 0.836159065328301 0.0835056444538098 -0.0692491077527372 -1.02045529119793 1 10
ID_910 ID_910 2.12440899064254 2.32011273740848 -0.743296400825677 0.395230910048863 -0.0115375062487897 -0.861259658759329 0.869329353682754 0.112375312102289 -0.462719047158453 -0.0244662804082178 -1.03100481160539 -0.714679085204317 0.580123150644645 1.15298461819342 0 15
ID_911 ID_911 0.137432537976095 -0.844860455580923 0.427701737933295 -0.811581029031636 -1.18761197307147 0.920635134289922 0.00244888511658596 0.904190638425437 0.885288008440512 -1.0785254174305 -0.342166467988586 0.167948538384811 -0.201247094720986 2.19830190169603 0 7
ID_912 ID_912 2.45557173275362 3.48215430365991 -0.23571092777163 -0.690899835123586 3.11712857833592 -1.69737026229004 0.483850541525773 0.443813693365065 -0.250784085773266 1.05845285527588 0.0215535795516272 -0.663790404815139 0.292586352975706 0.485743004743974 0 10
ID_913 ID_913 0.799758022198244 -0.515064858778592 2.01748988702752 1.48136165522131 1.0912908315055 -2.68780285304895 2.15719434362992 -1.86839788095923 -0.701045690550505 0.679887955435459 -0.472410079834312 0.0193482607678303 -0.533367456419684 -0.0746579735347078 1 15
ID_914 ID_914 -0.193730204134979 -0.737809953659288 -0.384679953486606 1.36068046131326 0.122036451105293 -0.760599181214688 -0.811902914340999 0.895862318760742 0.492672332482189 -0.298115363702228 0.0102289594503904 -0.223169064973011 1.0739267341296 -1.73792752388977 0 15
ID_915 ID_915 -0.856055688357127 0.0201876508295853 -0.322583930052837 -0.0874938655833363 -0.297712868907822 0.557000135308836 -1.84572251766233 -1.22327728311206 -0.887451443197026 0.192754519636126 -0.347616056765201 -0.37120997753634 -0.0557860664472303 -1.21699305557187 1 10
ID_916 ID_916 -0.524892946246053 -0.449460584855785 -0.031300852280257 1.11931807349716 0.564185977401703 0.0747435184919789 -0.586515563751506 -0.352892348446572 -0.339322914845314 -0.57018064319848 1.40143340353198 0.934214172385872 0.295690841962881 -0.459441668630604 0 19
ID_917 ID_917 -0.193730204134979 -0.737809953659288 -0.61588712704804 -1.89771177420408 0.333629308752899 -0.54974450492015 0.384064766730214 -0.376885061008697 -0.628007587940005 -0.297667961499472 -0.45747571803387 -0.294445297153221 0.729856289132697 0.0901599966164619 0 13
ID_918 ID_918 -1.1872184304682 0.671134753396823 -0.562273241636742 -1.65634938638798 0.823697458149653 -0.428962344121823 -0.464050373311232 1.44576201617192 0.899539635686049 -0.683520404076791 0.394989401648105 1.05123407755446 0.78449622132904 -0.83332620169553 1 20
ID_919 ID_919 -0.193730204134979 -0.737809953659288 -0.140025007712202 -1.41498699857188 -0.554297049971024 -0.40837210938228 -0.263029387381919 -0.145012543422716 0.0968805243625817 -1.33929059557713 0.0319745455441669 -0.957201128538594 0.586561319081134 0.93758898825161 0 15
ID_920 ID_920 -1.1872184304682 0.671134753396823 2.5076936714877 0.515912103956913 -1.19906662401179 0.986199804012074 -0.861037588192117 0.96670650826805 1.87984459659461 1.06335510512608 -1.85342145181186 -0.22860986548222 0.333058147512459 -0.740968128171876 0 20
ID_921 ID_921 -0.193730204134979 -0.737809953659288 0.65873525212296 0.757274491773013 0.90566184932262 -1.19009820225611 -0.635625877328033 1.91076432014719 2.31457573445278 -0.430124579355565 -2.03158694395072 2.03447018379642 0.657934470068899 0.0055818618071568 0 7
ID_922 ID_922 1.46208350642039 0.539926205551207 -0.0485092752877759 1.48136165522131 -0.306622041861405 0.552106375345456 1.64308962758847 -0.437002595361352 0.217512875958009 1.17209940623608 1.23142700007515 -0.746456794586119 0.266433174684795 -1.49883463819496 1 13
ID_923 ID_923 0.137432537976095 -0.844860455580923 -0.561788885565821 -0.449537447307486 -0.137665940491663 -0.19171910845028 -2.04290676034348 0.0144908198634199 -0.592070706090789 -0.338515782611144 -0.386290685525785 -0.838143223005853 0.407470965942551 0.113629013223055 1 13
ID_924 ID_924 -0.524892946246053 -0.449460584855785 -0.240274900830146 -1.89771177420408 2.07390260764111 -0.746809450679577 2.54102701023138 -2.84039834160102 -0.825628467118855 0.545845616343595 -1.17658878979143 3.94291599702319 -0.557087511723629 -1.29453134073327 1 10
ID_925 ID_925 -0.524892946246053 -0.449460584855785 -0.970349138169049 0.515912103956913 -0.85428163070811 0.613330436163918 0.484527757159418 1.05339856769911 -0.92658542423008 -0.0152216726072598 -0.230525700206282 -0.791632469324857 0.0852680691000482 1.18770668005187 1 20
ID_926 ID_926 -1.1872184304682 0.671134753396823 -0.0665485855389073 -0.570218641215536 0.777687943539362 -0.8216084892688 -0.415536886462198 1.71551334913174 3.20604594873692 -1.88060252069227 -0.361718758208088 1.46693897590744 0.399405313719347 -0.0595836557575146 1 19
ID_927 ID_927 2.45557173275362 3.48215430365991 2.3092100666202 -1.77703058029603 0.518176462791411 -0.281238472886799 0.946234131561352 -0.59198129486561 -0.670368408614421 -0.274290557259438 0.172436395316375 -0.613831090332763 -0.18959843160632 0.690392937595665 0 10
ID_928 ID_928 -1.1872184304682 0.671134753396823 -0.819793157197316 0.515912103956913 1.94483414632355 0.499316241272393 0.909243054594112 -0.375953305181042 0.735601311676091 0.163581978578388 -0.681313826533667 1.42015460180718 -0.550378481831883 -0.341891755594454 1 15
ID_929 ID_929 -0.193730204134979 -0.737809953659288 -0.944524690095065 0.0331873283247135 -0.917345847829546 0.978123798540591 1.08627544282148 0.597616903352603 -1.10989519524834 -1.71793347123003 -0.338282461478643 -2.76176553431476 0.760572441169858 3.03593056548652 1 20
ID_930 ID_930 1.13092076430932 -0.0782187600546253 -0.534881527577177 0.757274491773013 0.689296220449881 -0.077138747180013 -1.13099815121546 -0.541623033881836 -0.985084904179935 1.43203369457759 1.02830895517086 -0.094452358640344 0.918361971660422 -0.189946158177456 1 19
ID_931 ID_931 -0.524892946246053 -0.449460584855785 -1.28897667575037 -0.449537447307486 0.234864762867459 0.631786158579008 -0.819990525505387 0.115292897602803 -0.868685214499334 0.902611163427704 -1.61545514090866 1.22762489610933 -0.42283283212316 0.489420941284665 0 13
ID_932 ID_932 -1.1872184304682 0.671134753396823 -0.466288044655444 0.636593297864963 -0.982828269038384 -0.196541284158877 0.190199611462163 -1.52813656072583 -1.12385536601015 -0.496173927402509 1.09736567812341 -1.26017441415589 1.06084898745656 -0.466129030602693 1 20
ID_933 ID_933 0.799758022198244 -0.515064858778592 0.114395816565325 0.153868522232763 -1.0854746688536 -1.61178803186661 -0.918710538287567 1.11174025164236 2.46061625112475 0.892402084306803 -1.69017874397644 0.644185963155701 0.727608370559583 -0.945325446733305 1 7
ID_934 ID_934 0.799758022198244 -0.515064858778592 2.0174662599021 0.998636879589113 -0.636897810640675 -0.968701117529824 0.754690510461874 1.83101029908849 2.05895650203335 0.263646676954908 -0.431994865799626 -1.10425323351783 1.1545091745961 0.220737998206787 0 20
ID_935 ID_935 -1.1872184304682 0.671134753396823 -0.392169752241823 0.515912103956913 -1.25042164239423 1.58171572721547 1.07404140841818 -0.403364940014507 -0.5015660327764 1.2552842586486 1.20827200605594 1.72790209198124 0.0498583742048726 -0.643207944674134 0 10
ID_936 ID_936 -1.1872184304682 0.671134753396823 0.411381301055798 -1.53566819247993 0.035108377858186 0.510190540339958 -0.144644542935726 -0.729275917113303 -1.1949529037672 -0.0547592444108592 0.696528357972992 0.148511657152535 1.17423112961604 0.183809624599754 0 10
ID_937 ID_937 0.137432537976095 -0.844860455580923 0.919488933581423 0.274549716140813 -0.740498764700917 1.58705851568613 -0.230831194440562 0.243750210183821 -0.881713021917755 1.13185877382815 -0.582481609298256 -0.95093144686276 0.885816926036485 1.31466526795956 1 19
ID_938 ID_938 0.799758022198244 -0.515064858778592 0.116404122225242 -0.208175059491386 -0.228030409020866 0.184202351715463 0.221959319460872 -0.539205414922992 -1.0068147694699 -0.329676393376682 0.0325613418399695 0.083123519385531 0.22866999470061 0.0659562930533929 0 10
ID_939 ID_939 -1.1872184304682 0.671134753396823 0.103696666608476 -1.53566819247993 0.446393983565396 0.303110306570369 -0.706599537350458 0.400567924319656 -0.767766919982891 -0.394850111398231 -0.415083128444139 -0.500962667387452 0.0459220858939905 -1.13013162894685 1 10
ID_940 ID_940 -1.1872184304682 0.671134753396823 -0.209638394880833 0.515912103956913 -0.723698609988445 -1.2734483054622 1.14803708230505 -0.56652811854206 -0.877201394511353 1.4416272760967 -1.94966701247855 0.405956458088422 -1.2191377299162 0.602365555567905 0 20
ID_941 ID_941 0.137432537976095 -0.844860455580923 -0.0125487904125669 -0.208175059491386 0.0174173058503566 2.50687714369684 0.276964819488549 -0.617566815273719 -0.909453433673336 0.0928265985044486 -1.24614517314124 2.32646562948921 -0.393130674251833 1.01614917254978 0 13
ID_942 ID_942 -0.524892946246053 -0.449460584855785 -1.19694902227538 1.11931807349716 -0.163566179006723 -1.08898218854467 0.299016958062532 -1.58038907997042 -1.03148150494037 -2.13737303631429 1.82102017541848 0.31906735043329 -0.37568904857743 1.10011596858035 0 10
ID_943 ID_943 -0.524892946246053 -0.449460584855785 -1.04320337937319 1.23999926740521 -1.5201786720388 0.548904606858776 -0.870909589470335 1.78154836849559 3.00422720397855 -0.240517443265355 0.0162315869788964 1.8047516890462 -0.0765464903962946 -1.39291726863635 0 20
ID_944 ID_944 1.13092076430932 -0.0782187600546253 -1.33645932211757 0.636593297864963 0.179118794957895 -0.466049495759197 -0.638116715405017 -0.160515850843485 0.453438720916429 1.47915153798789 -1.21952911685811 0.623301177016562 0.0460285784319547 -0.424633623188401 1 20
ID_945 ID_945 -0.524892946246053 -0.449460584855785 2.69144576366158 0.153868522232763 -0.0849745461661838 1.22593547328199 0.82685599691869 0.97592714789682 -0.34374680790202 -0.653506107731866 0.385489760680751 -0.794184687373484 -2.65588412091578 2.02674439419394 0 13
ID_946 ID_946 -1.1872184304682 0.671134753396823 1.1724066788974 -0.811581029031636 -1.0915201790721 -0.56550605629157 -0.978862146322704 1.21992151470263 0.36518242619086 0.285928776687992 1.10931487372122 -1.76152250373767 -2.4704250509959 1.79865830757133 1 13
ID_947 ID_947 0.137432537976095 -0.844860455580923 0.0116414481538378 -1.65634938638798 -1.26270357368024 0.989134758458197 -1.37374219745142 0.246390407830333 1.33947237956518 -0.60188867645384 0.586974769164741 -0.853093276603081 -3.93307690938286 0.444434870475449 0 20
ID_948 ID_948 -0.524892946246053 -0.449460584855785 -1.24760164130186 0.636593297864963 -0.917536758678552 0.999124015830258 1.77783178741601 -0.623511938809645 -0.605705218842701 0.439385623051673 1.57243303436383 0.216248345024367 -0.309788688018957 -0.0391467084266275 0 10
ID_949 ID_949 0.799758022198244 -0.515064858778592 -0.980902587519198 0.0331873283247135 0.50258541012264 0.901717368048503 0.7256646342792 -1.24787790953735 -0.335489369870461 0.944848487951937 1.76950640714522 -0.724128424855705 -1.54237730846524 -0.999882255713279 1 20
ID_950 ID_950 1.13092076430932 -0.0782187600546253 -1.25709974571699 0.636593297864963 -1.00109207359323 0.916385632619593 -1.86831667234598 -0.960002789442037 0.177643220097411 -0.0186327948302764 0.398030017967996 0.486304150685834 -1.31680759261561 -0.257297414455227 0 20
ID_951 ID_951 -0.856055688357127 0.0201876508295853 0.661443708265882 -0.932262222939685 -0.398004701585304 0.0424460042655726 -0.579164850893512 1.20601201773455 1.61310838115269 1.16803443765103 -2.03505409963412 1.22063814023129 0.381079336968807 -1.55869451846616 0 20
ID_952 ID_952 0.46859528008717 -0.770612090620692 2.18583315557933 1.23999926740521 1.1316366575953 0.843649522100039 0.937514980278179 0.898843402685665 1.4555018005496 0.0353750425024773 -0.913697955852395 0.355347530989972 0.299464381895091 -1.99238040894424 0 20
ID_953 ID_953 1.13092076430932 -0.0782187600546253 0.550291471912556 0.757274491773013 -1.20657578407266 1.36154859013955 0.324272472745302 0.964363750609563 1.9089902449682 0.182700752994182 1.54506139406534 0.518534277278105 -0.327973446403936 -0.203285768406804 0 20
ID_954 ID_954 1.46208350642039 0.539926205551207 -0.0398538716789597 0.395230910048863 -0.477996347318549 -0.19976908328366 -1.12521258599997 0.62506827483166 -0.17652662440428 -1.5644361669243 0.270001181300208 2.07453198725103 0.702165914206825 0.0429523080804024 0 20
ID_955 ID_955 1.79324624853147 1.33937003803891 1.7468057247589 1.23999926740521 -0.315913036512999 -0.585523616992845 -1.15146078187235 -0.206597325842141 -1.02501444245176 2.02461152066859 1.46942987149523 -0.381220710806557 0.693931262955982 0.00200521482847953 1 10
ID_956 ID_956 -0.856055688357127 0.0201876508295853 -0.306757693881849 1.11931807349716 1.61194926260788 1.65152989860795 -1.42210952265291 -0.260536563760394 -0.30744709247101 1.09896192900546 -0.625329316388854 1.85574415649096 0.502980882165426 -0.694600017560956 0 20
ID_957 ID_957 -0.856055688357127 0.0201876508295853 -0.904858684384599 -0.449537447307486 0.589449846420078 -0.421908041195886 0.872945027439002 -0.577807109728408 -0.178513286966888 -0.174027723621698 0.0424716792801909 -0.662898779655822 0.759245914555652 -0.723519312955572 1 7
ID_958 ID_958 -0.856055688357127 0.0201876508295853 -0.0209994256011564 -0.208175059491386 -0.736553273821473 -0.159245887416678 -2.09724844288854 0.459638169132453 -0.769285170339495 0.610428763457506 0.69025822932937 0.291239682035066 -0.398177494529268 -1.34452786854346 0 10
ID_959 ID_959 -0.524892946246053 -0.449460584855785 -0.677825636312403 1.11931807349716 0.135018388837657 -0.0230666041803738 0.378894298448162 -0.535868071416906 -0.808859310143905 -0.474839233791062 2.50478105538624 -1.98730652556265 0.00613346413882932 -0.371120771960918 0 15
ID_960 ID_960 -0.193730204134979 -0.737809953659288 -0.0983900748841702 -0.690899835123586 -0.690416485311844 0.619974756539731 -0.280142480282469 0.191130068482124 1.36073234562626 0.560448185095565 -0.275958235839761 1.10038196596592 0.874243965225981 -0.454575267895613 1 19
ID_961 ID_961 2.12440899064254 2.32011273740848 -0.278980070107241 0.515912103956913 0.376711523678441 0.276624132300477 0.873119812409196 -0.640455657857814 -0.0955314623832139 0.33020382650198 0.693384153521963 -0.099516695193397 -0.193714368198638 -0.135501893155275 0 10
ID_962 ID_962 -0.524892946246053 -0.449460584855785 0.0272668537588344 0.0331873283247135 0.192228006589596 -0.508577050760117 -1.60889192808347 -0.238419394133994 -0.750850547743197 -0.802484649789755 1.47443256888727 -1.51489143652104 0.1620403917626 0.167201287660252 1 20
ID_963 ID_963 0.137432537976095 -0.844860455580923 0.601949425125265 -0.570218641215536 0.323956492403294 -1.13630588861608 0.802308757219669 -1.36847478558091 -0.705582597345802 3.16734066110918 1.27462934417941 0.480907695554919 0.160535605900062 -1.45890404196983 0 13
ID_964 ID_964 -0.193730204134979 -0.737809953659288 -0.585530208749421 -0.811581029031636 -0.467114428925243 -0.941661792200241 -0.889179795413983 0.633186047089101 0.319022262067744 0.714506659592752 -0.691283270142832 -0.260852257817423 0.583581843073309 -1.58647486900791 0 20
ID_965 ID_965 0.46859528008717 -0.770612090620692 0.374290258229683 -1.17362461075579 0.873525189740052 -0.974323735360091 -0.410530850033639 0.943900547837922 1.04398606383473 1.08630044666745 1.01953443112148 0.58395078665203 -0.207989229901708 -0.961959443695183 1 19
ID_966 ID_966 -0.524892946246053 -0.449460584855785 1.82299926635444 -0.328856253399436 -0.745780631523398 0.391751136970909 -1.65292312440766 -0.272408429709389 -0.568342282055206 -0.511174684114932 0.903698526830645 -1.20928573376671 -0.69004344537197 0.0865441843404725 0 20
ID_967 ID_967 -0.856055688357127 0.0201876508295853 0.25640271599259 -1.53566819247993 -0.303440194377983 -0.312110809677062 1.14866375036892 0.470730341270144 0.256279859745216 -1.76406063833423 -1.19798887900076 -0.811234070049529 -0.0633951434891883 1.23834245754232 0 13
ID_968 ID_968 -1.1872184304682 0.671134753396823 -0.334133656524474 1.11931807349716 -0.571669937230512 0.924051655540952 -0.680424422301858 1.32989744375806 -0.31862653045431 0.139476587039869 -1.34423703990998 0.782538825839803 0.768117205979106 0.102420085202654 1 7
ID_969 ID_969 0.799758022198244 -0.515064858778592 1.05730871260047 0.153868522232763 0.0702996110248409 0.800067726255945 -0.833881972091208 0.367428430822417 -0.102872894323032 -1.10497967053349 0.626527155001237 -0.931834628635691 0.921309036895824 -0.751835372736416 0 10
ID_970 ID_970 -0.524892946246053 -0.449460584855785 0.459467620477243 1.48136165522131 -1.25907626754914 0.236875347917062 -2.19395873301692 0.255303581404066 0.757948291459681 -0.205288993820305 1.72358639795344 1.16378642173959 1.22839879055706 -1.99762495737742 1 13
ID_971 ID_971 0.137432537976095 -0.844860455580923 0.352498172892472 -0.570218641215536 0.218828251551009 0.835293687268948 1.05094244794431 -1.75355930940295 -0.0535676768167441 0.302842753048603 0.327334165175664 0.623107755685705 -0.197729136879889 -0.0374320787208521 1 13
ID_972 ID_972 -0.193730204134979 -0.737809953659288 -1.52007752724746 0.395230910048863 1.0009263629763 0.107132139951746 1.41094290980669 0.807088179413509 1.81608105566299 0.911245386794901 0.286648403316123 0.473949245237496 0.462481306966595 -0.142579557572992 0 7
ID_973 ID_973 1.46208350642039 0.539926205551207 -0.694990742923335 0.877955685681063 -0.79586291091247 -0.899824049109053 -0.251701859696857 -0.12781148865457 1.31673431276514 -0.108044846759163 -0.672318111357204 0.931713847865036 0.146806402701299 -1.35169466777574 0 13
ID_974 ID_974 -0.524892946246053 -0.449460584855785 -1.00679791696941 0.395230910048863 0.470639661389077 0.738082269272967 0.19440784889785 -0.497209228029521 -0.637497767935937 0.309673178563487 -0.254130997924969 -1.33526906646283 -0.0419969959216907 0.410275528405968 0 20
ID_975 ID_975 1.13092076430932 -0.0782187600546253 0.581599775794382 1.36068046131326 -0.875790919696047 2.12538512697703 -0.646788973159602 0.0397030363764463 -0.699424835615443 -0.594647152229224 -0.347305292371786 0.337123467548478 0.307423541580331 -0.373859641717781 0 15
ID_976 ID_976 -0.193730204134979 -0.737809953659288 -1.25709974571699 -2.01839296811213 -2.15425723853526 -0.0521233039629455 0.0928011435765744 0.0528204740505753 0.661574338852916 -0.375368941198204 -0.0135402512522753 -1.53265789339929 -4.05614524238674 2.0212837613618 1 20
ID_977 ID_977 -0.193730204134979 -0.737809953659288 -0.630378430633319 0.998636879589113 -0.523496766331492 -0.939468710940056 -0.199315089187769 0.862091183041742 0.796105298463069 -0.856613924863257 0.0182771478979092 0.31054832020739 0.558607027865524 0.430519935533862 0 7
ID_978 ID_978 -1.1872184304682 0.671134753396823 -1.25784400016743 0.274549716140813 0.770051509579148 -1.86657266378987 0.431494221359925 -0.378068471118355 -0.702846475253587 1.30935601058175 -0.0459200730203475 -0.437973359836112 0.79603677136712 -0.725009394956758 1 10
ID_979 ID_979 -0.856055688357127 0.0201876508295853 -0.218140222174479 0.877955685681063 0.0149354648132871 -0.0928807755728553 0.244943238537981 -0.508478527351091 -0.498764481677632 0.879086116460761 -0.818975750055394 -0.860273453811974 -0.838549604618261 0.683563770236756 1 13
ID_980 ID_980 -0.193730204134979 -0.737809953659288 0.774105087876279 -0.0874938655833363 0.860925073705698 -0.420652062907412 -0.214613341631251 -0.693711786410311 -0.206299796431631 -0.811208992743507 0.328918454240137 -1.74902559872692 -0.641760654681057 1.50057438095948 1 13
ID_981 ID_981 -1.1872184304682 0.671134753396823 1.93097916733594 -1.65634938638798 1.23377396181316 -0.569117807328374 1.63773889327444 -1.92916921514175 -0.202094495737727 1.95544953158247 -0.871160403813264 -0.70236144874412 -0.583583318180164 -0.634654603881829 1 20
ID_982 ID_982 -1.1872184304682 0.671134753396823 2.32759197018978 0.877955685681063 0.818224680478167 -0.858396288567989 -1.01004938786851 -0.216160522760491 -0.333107159222782 0.222505487827428 0.202599431078082 0.827922074689705 -0.275780759031115 -0.0310820785166444 1 19
ID_983 ID_983 0.46859528008717 -0.770612090620692 -0.815756856606308 0.515912103956913 1.03471758325024 -0.217111995919842 0.351336737816493 0.500775122082989 0.565228639680799 0.266167468794439 0.531829322882151 -0.508260784432233 0.363901627584143 0.732515890118615 1 20
ID_984 ID_984 0.799758022198244 -0.515064858778592 -0.931238369905736 -1.53566819247993 0.685032544822094 -1.57749917382532 0.390045214142435 -0.699749149762747 0.0788734208431924 -0.366829950585593 0.274955131336422 0.385447192386753 0.873264696887744 -1.51219135510589 1 10
ID_985 ID_985 -1.1872184304682 0.671134753396823 -0.0576529728217483 0.0331873283247135 -1.53506971826122 1.48181664583534 0.261362063612673 0.76543655502302 -0.0814642259743264 -0.0257765297162905 0.100890510506759 0.366973568252519 -0.16136841731959 0.762722688390389 0 15
ID_986 ID_986 1.13092076430932 -0.0782187600546253 -0.336799583841657 -1.53566819247993 -0.275185388725189 -1.05153711563338 0.57003597501688 -0.826021113937367 -0.266381468721767 2.01976679395874 -0.14892750128259 -1.06654079159412 -0.977038520130395 -0.864275790088741 1 20
ID_987 ID_987 0.137432537976095 -0.844860455580923 0.509944217419412 -0.328856253399436 -0.439495992769134 -2.22097915079746 0.364613087468877 -0.133439788472914 -0.425857237080239 -0.998005803854402 -0.714825805640888 -0.268168773476603 -2.14641918918456 1.46535712568674 1 20
ID_988 ID_988 2.12440899064254 2.32011273740848 -0.878542004531224 -1.53566819247993 1.11725470697023 -0.909845844778742 1.56028357319007 -0.564650904595166 -1.13752408028821 1.52528509655213 0.290511631265644 -1.04835918649355 0.00705138351497751 0.518425770087205 0 10
ID_989 ID_989 -0.856055688357127 0.0201876508295853 0.789001242255472 -0.811581029031636 1.70280373564953 -1.06966745507218 0.312518640254888 -0.349429010698369 -1.12501821789934 0.880772822765153 0.462102323786939 -0.0210499070987354 -0.722028247644009 0.0587480776446351 0 20
ID_990 ID_990 0.46859528008717 -0.770612090620692 -0.884346401673806 -0.0874938655833363 0.164227748735478 -0.406608533650796 -0.394343447567566 1.43906794543019 1.70333498118922 -1.96312266126069 -2.34608660350688 0.872012702938268 0.744732833675266 0.00411969070750372 1 20
ID_991 ID_991 0.46859528008717 -0.770612090620692 2.55726731845375 1.23999926740521 -0.748835205107484 -0.450431112897344 -0.136325509162718 -1.00672091969596 -0.52424610568426 0.854210553987497 1.05433394976456 -0.676943055313427 0.171647870731112 0.300785563451157 1 7
ID_992 ID_992 -0.193730204134979 -0.737809953659288 0.16565092728978 0.636593297864963 -1.04022879763933 0.499589562972476 -3.49354893213186 1.24058858083685 2.18501143124914 -0.30293452457192 0.151264809337496 1.70808348195854 0.979153005451785 -0.187637206339365 1 19
ID_993 ID_993 0.137432537976095 -0.844860455580923 3.60506732475413 -1.29430580466383 0.216728232211951 -1.0211918992647 -0.372248678513048 -0.12424655342731 -0.0303106390329174 -1.08056429318306 1.51398495472377 0.940932025438082 0.697135299315601 -0.996150298072847 0 7
ID_994 ID_994 -1.1872184304682 0.671134753396823 0.614508423637365 1.60204284912936 0.830633885663514 -1.28406229814873 -0.740533399856461 -1.11087504583971 -0.890748172913569 2.46185769342255 0.909633517402937 0.457090453336248 -0.103690901230577 -1.88300568900221 1 13
ID_995 ID_995 -1.1872184304682 0.671134753396823 1.72327310784976 -1.65634938638798 1.5403704216208 -2.06062521395482 0.399673612674738 -1.20629312559361 -0.336893119465597 1.34647121903042 1.71716393382285 0.787515886914299 -0.851159710146329 0.364382803472767 0 10
ID_996 ID_996 -0.524892946246053 -0.449460584855785 -0.465232699720429 1.11931807349716 1.1221547520947 -1.81419836916051 0.730078716035185 -0.187958867266698 -0.54716112820656 1.62710744643948 -0.88027555001151 0.66237228584971 0.774254417243089 0.407529455835806 1 7
ID_997 ID_997 0.137432537976095 -0.844860455580923 0.760046042550391 0.274549716140813 -0.141293246622764 -0.261546295161813 0.449106699889602 -1.85714863377169 -1.01037916330416 -0.0783283924520737 -0.602547239641745 -2.04025207668972 -0.0786739288680888 -0.0608041274534103 0 20
ID_998 ID_998 -1.1872184304682 0.671134753396823 -1.00570319349205 1.23999926740521 1.43620309870851 0.231174638172485 0.669362558636389 0.335812899511013 -1.16977611945019 -1.03619477758969 0.438063783943313 -1.48029732385822 1.08354810342915 1.42086624829181 1 7
ID_999 ID_999 -0.856055688357127 0.0201876508295853 -0.280665471719876 0.515912103956913 -1.50802401465213 0.94295640646332 -0.764510000123175 0.799401528037587 1.52511677649908 -0.818297121927179 -0.0979261895874906 0.738485938338724 0.235096587861234 -1.58154094189824 1 19
ID_1000 ID_1000 -0.193730204134979 -0.737809953659288 -0.48539057555006 -1.53566819247993 0.411393661247748 1.10010336869166 -1.32544795307371 -0.0966347648760611 1.54419528000078 0.00182179473374865 -1.25423114078953 1.01379053845657 0.342276697211885 0.214986551787708 0 20
